1567117503,s5,0.00,0.00,0.00,0,0,0.00,0.00,0.00,0,0,0.00,0.00,0,0
1567117503,s1,0.00,0.00,0.00,0,0,0.00,0.00,0.00,0,0,0.00,0.00,0,0
1567117503,eth0,0.00,0.00,0.00,0,0,0.00,0.00,0.00,0,0,0.00,0.00,0,0
1567117503,eth1,0.00,0.00,0.00,0,0,0.00,0.00,0.00,0,0,0.00,0.00,0,0
1567117503,s2,0.00,0.00,0.00,0,0,0.00,0.00,0.00,0,0,0.00,0.00,0,0
1567117503,s1-eth2,0.00,0.00,0.00,0,0,0.00,0.00,0.00,0,0,0.00,0.00,0,0
1567117503,s1-eth1,0.00,0.00,0.00,0,0,0.00,0.00,0.00,0,0,0.00,0.00,0,0
1567117503,s3,0.00,0.00,0.00,0,0,0.00,0.00,0.00,0,0,0.00,0.00,0,0
1567117503,s2-eth2,0.00,0.00,0.00,0,0,0.00,0.00,0.00,0,0,0.00,0.00,0,0
1567117503,s2-eth1,0.00,0.00,0.00,0,0,0.00,0.00,0.00,0,0,0.00,0.00,0,0
1567117503,lo,0.00,0.00,0.00,0,0,0.00,0.00,0.00,0,0,0.00,0.00,0,0
1567117503,s4,0.00,0.00,0.00,0,0,0.00,0.00,0.00,0,0,0.00,0.00,0,0
1567117503,s3-eth2,0.00,0.00,0.00,0,0,0.00,0.00,0.00,0,0,0.00,0.00,0,0
1567117503,s3-eth1,0.00,0.00,0.00,0,0,0.00,0.00,0.00,0,0,0.00,0.00,0,0
1567117503,total,0.00,0.00,0.00,0,0,0.00,0.00,0.00,0,0,0.00,0.00,0,0
1567117504,s5,0.00,0.00,0.00,0,0,0.00,0.00,0.00,0,0,0.00,0.00,0,0
1567117504,s1,0.00,668.33,668.33,669,0,0.00,2.00,2.00,2,0,0.00,0.00,0,0
1567117504,eth0,0.00,0.00,0.00,0,0,0.00,0.00,0.00,0,0,0.00,0.00,0,0
1567117504,eth1,0.00,0.00,0.00,0,0,0.00,0.00,0.00,0,0,0.00,0.00,0,0
1567117504,s2,0.00,995.01,995.01,996,0,0.00,3.00,3.00,3,0,0.00,0.00,0,0
1567117504,s1-eth2,144038.97,5896345.00,6040384.00,5902241,144183,1943.06,3896.10,5839.16,3900,1945,0.00,0.00,0,0
1567117504,s1-eth1,5883106.00,143490.52,6026596.50,143634,5888989,3889.11,1939.06,5828.17,1941,3893,0.00,0.00,0,0
1567117504,s3,0.00,995.01,995.01,996,0,0.00,3.00,3.00,3,0,0.00,0.00,0,0
1567117504,s2-eth2,144189.81,5888782.50,6032972.00,5894671,144334,1938.06,3891.11,5829.17,3895,1940,0.00,0.00,0,0
1567117504,s2-eth1,5881220.00,143595.41,6024815.50,143739,5887101,3886.11,1937.06,5823.18,1939,3890,0.00,0.00,0,0
1567117504,lo,2605.39,2605.39,5210.79,2608,2608,23.98,23.98,47.95,24,24,0.00,0.00,0,0
1567117504,s4,0.00,0.00,0.00,0,0,0.00,0.00,0.00,0,0,0.00,0.00,0,0
1567117504,s3-eth2,144590.41,5889626.50,6034217.00,5895516,144735,1940.06,3890.11,5830.17,3894,1942,0.00,0.00,0,0
1567117504,s3-eth1,5888782.50,144189.81,6032972.00,144334,5894671,3891.11,1938.06,5829.17,1940,3895,0.00,0.00,0,0
1567117504,total,18088532.00,18111294.00,36199824.00,18129404,18106621,17511.49,17523.48,35034.97,17541,17529,0.00,0.00,0,0
1567117505,s5,0.00,0.00,0.00,0,0,0.00,0.00,0.00,0,0,0.00,0.00,0,0
1567117505,s1,0.00,1145.00,1145.00,1145,0,0.00,6.00,6.00,6,0,0.00,0.00,0,0
1567117505,eth0,0.00,0.00,0.00,0,0,0.00,0.00,0.00,0,0,0.00,0.00,0,0
1567117505,eth1,0.00,0.00,0.00,0,0,0.00,0.00,0.00,0,0,0.00,0.00,0,0
1567117505,s2,0.00,818.00,818.00,818,0,0.00,5.00,5.00,5,0,0.00,0.00,0,0
1567117505,s1-eth2,127946.00,5221347.00,5349293.00,5221347,127946,1726.00,3453.00,5179.00,3453,1726,0.00,0.00,0,0
1567117505,s1-eth1,5223258.00,127572.00,5350830.00,127572,5223258,3456.00,1724.00,5180.00,1724,3456,0.00,0.00,0,0
1567117505,s3,0.00,818.00,818.00,818,0,0.00,5.00,5.00,5,0,0.00,0.00,0,0
1567117505,s2-eth2,128320.00,5220646.00,5348966.00,5220646,128320,1728.00,3450.00,5178.00,3450,1728,0.00,0.00,0,0
1567117505,s2-eth1,5221347.00,127946.00,5349293.00,127946,5221347,3453.00,1726.00,5179.00,1726,3453,0.00,0.00,0,0
1567117505,lo,4916.00,4916.00,9832.00,4916,4916,48.00,48.00,96.00,48,48,0.00,0.00,0,0
1567117505,s4,0.00,0.00,0.00,0,0,0.00,0.00,0.00,0,0,0.00,0.00,0,0
1567117505,s3-eth2,128694.00,5227842.00,5356536.00,5227842,128694,1730.00,3453.00,5183.00,3453,1730,0.00,0.00,0,0
1567117505,s3-eth1,5220646.00,128320.00,5348966.00,128320,5220646,3450.00,1728.00,5178.00,1728,3450,0.00,0.00,0,0
1567117505,total,16055127.00,16061370.00,32116496.00,16061370,16055127,15591.00,15598.00,31189.00,15598,15591,0.00,0.00,0,0
1567117506,s5,0.00,0.00,0.00,0,0,0.00,0.00,0.00,0,0,0.00,0.00,0,0
1567117506,s1,70.00,467.00,537.00,467,70,1.00,3.00,4.00,3,1,0.00,0.00,0,0
1567117506,eth0,0.00,0.00,0.00,0,0,0.00,0.00,0.00,0,0,0.00,0.00,0,0
1567117506,eth1,0.00,0.00,0.00,0,0,0.00,0.00,0.00,0,0,0.00,0.00,0,0
1567117506,s2,0.00,864.00,864.00,864,0,0.00,5.00,5.00,5,0,0.00,0.00,0,0
1567117506,s1-eth2,147431.00,6015589.00,6163020.00,6015589,147431,1989.00,3976.00,5965.00,3976,1989,0.00,0.00,0,0
1567117506,s1-eth1,6014145.00,146964.00,6161109.00,146964,6014145,3976.00,1986.00,5962.00,1986,3976,0.00,0.00,0,0
1567117506,s3,0.00,934.00,934.00,934,0,0.00,6.00,6.00,6,0,0.00,0.00,0,0
1567117506,s2-eth2,147902.00,6017033.00,6164935.00,6017033,147902,1992.00,3976.00,5968.00,3976,1992,0.00,0.00,0,0
1567117506,s2-eth1,6015589.00,147431.00,6163020.00,147431,6015589,3976.00,1989.00,5965.00,1989,3976,0.00,0.00,0,0
1567117506,lo,4310.00,4310.00,8620.00,4310,4310,45.00,45.00,90.00,45,45,0.00,0.00,0,0
1567117506,s4,0.00,0.00,0.00,0,0,0.00,0.00,0.00,0,0,0.00,0.00,0,0
1567117506,s3-eth2,148225.00,6018220.00,6166445.00,6018220,148225,1993.00,3976.00,5969.00,3976,1993,0.00,0.00,0,0
1567117506,s3-eth1,6017033.00,147902.00,6164935.00,147902,6017033,3976.00,1992.00,5968.00,1992,3976,0.00,0.00,0,0
1567117506,total,18494704.00,18499714.00,36994420.00,18499714,18494705,17948.00,17954.00,35902.00,17954,17948,0.00,0.00,0,0
1567117507,s5,0.00,0.00,0.00,0,0,0.00,0.00,0.00,0,0,0.00,0.00,0,0
1567117507,s1,0.00,70.00,70.00,70,0,0.00,1.00,1.00,1,0,0.00,0.00,0,0
1567117507,eth0,0.00,0.00,0.00,0,0,0.00,0.00,0.00,0,0,0.00,0.00,0,0
1567117507,eth1,0.00,0.00,0.00,0,0,0.00,0.00,0.00,0,0,0.00,0.00,0,0
1567117507,s2,0.00,70.00,70.00,70,0,0.00,1.00,1.00,1,0,0.00,0.00,0,0
1567117507,s1-eth2,152218.00,6230180.00,6382398.00,6230180,152218,2057.00,4116.00,6173.00,4116,2057,0.00,0.00,0,0
1567117507,s1-eth1,6229008.00,152218.00,6381226.00,152218,6229008,4116.00,2057.00,6173.00,2057,4116,0.00,0.00,0,0
1567117507,s3,0.00,0.00,0.00,0,0,0.00,0.00,0.00,0,0,0.00,0.00,0,0
1567117507,s2-eth2,152144.00,6231694.00,6383838.00,6231694,152144,2056.00,4117.00,6173.00,4117,2056,0.00,0.00,0,0
1567117507,s2-eth1,6230180.00,152218.00,6382398.00,152218,6230180,4116.00,2057.00,6173.00,2057,4116,0.00,0.00,0,0
1567117507,lo,880.00,880.00,1760.00,880,880,12.00,12.00,24.00,12,12,0.00,0.00,0,0
1567117507,s4,0.00,0.00,0.00,0,0,0.00,0.00,0.00,0,0,0.00,0.00,0,0
1567117507,s3-eth2,152218.00,6230110.00,6382328.00,6230110,152218,2057.00,4115.00,6172.00,4115,2057,0.00,0.00,0,0
1567117507,s3-eth1,6231694.00,152144.00,6383838.00,152144,6231694,4117.00,2056.00,6173.00,2056,4117,0.00,0.00,0,0
1567117507,total,19148342.00,19149584.00,38297928.00,19149584,19148342,18531.00,18532.00,37063.00,18532,18531,0.00,0.00,0,0
1567117508,s5,0.00,0.00,0.00,0,0,0.00,0.00,0.00,0,0,0.00,0.00,0,0
1567117508,s1,0.00,342.00,342.00,342,0,0.00,1.00,1.00,1,0,0.00,0.00,0,0
1567117508,eth0,0.00,0.00,0.00,0,0,0.00,0.00,0.00,0,0,0.00,0.00,0,0
1567117508,eth1,0.00,0.00,0.00,0,0,0.00,0.00,0.00,0,0,0.00,0.00,0,0
1567117508,s2,0.00,0.00,0.00,0,0,0.00,0.00,0.00,0,0,0.00,0.00,0,0
1567117508,s1-eth2,152144.00,6222882.00,6375026.00,6222882,152144,2056.00,4111.00,6167.00,4111,2056,0.00,0.00,0,0
1567117508,s1-eth1,6224503.00,152070.00,6376573.00,152070,6224503,4113.00,2055.00,6168.00,2055,4113,0.00,0.00,0,0
1567117508,s3,0.00,0.00,0.00,0,0,0.00,0.00,0.00,0,0,0.00,0.00,0,0
1567117508,s2-eth2,152218.00,6224054.00,6376272.00,6224054,152218,2057.00,4111.00,6168.00,4111,2057,0.00,0.00,0,0
1567117508,s2-eth1,6222882.00,152144.00,6375026.00,152144,6222882,4111.00,2056.00,6167.00,2056,4111,0.00,0.00,0,0
1567117508,lo,326.00,326.00,652.00,326,326,3.00,3.00,6.00,3,3,0.00,0.00,0,0
1567117508,s4,0.00,0.00,0.00,0,0,0.00,0.00,0.00,0,0,0.00,0.00,0,0
1567117508,s3-eth2,152486.00,6224054.00,6376540.00,6224054,152486,2057.00,4111.00,6168.00,4111,2057,0.00,0.00,0,0
1567117508,s3-eth1,6224054.00,152218.00,6376272.00,152218,6224054,4111.00,2057.00,6168.00,2057,4111,0.00,0.00,0,0
1567117508,total,19128612.00,19128090.00,38256704.00,19128090,19128613,18508.00,18505.00,37013.00,18505,18508,0.00,0.00,0,0
1567117509,s5,0.00,0.00,0.00,0,0,0.00,0.00,0.00,0,0,0.00,0.00,0,0
1567117509,s1,0.00,284.00,284.00,284,0,0.00,3.00,3.00,3,0,0.00,0.00,0,0
1567117509,eth0,0.00,0.00,0.00,0,0,0.00,0.00,0.00,0,0,0.00,0.00,0,0
1567117509,eth1,0.00,0.00,0.00,0,0,0.00,0.00,0.00,0,0,0.00,0.00,0,0
1567117509,s2,0.00,284.00,284.00,284,0,0.00,3.00,3.00,3,0,0.00,0.00,0,0
1567117509,s1-eth2,151507.00,6192474.00,6343981.00,6192474,151507,2047.00,4092.00,6139.00,4092,2047,0.00,0.00,0,0
1567117509,s1-eth1,6195572.00,151474.00,6347046.00,151474,6195572,4095.00,2047.00,6142.00,2047,4095,0.00,0.00,0,0
1567117509,s3,0.00,284.00,284.00,284,0,0.00,3.00,3.00,3,0,0.00,0.00,0,0
1567117509,s2-eth2,151614.00,6193881.00,6345495.00,6193881,151614,2048.00,4092.00,6140.00,4092,2048,0.00,0.00,0,0
1567117509,s2-eth1,6192474.00,151507.00,6343981.00,151507,6192474,4092.00,2047.00,6139.00,2047,4092,0.00,0.00,0,0
1567117509,lo,2634.00,2634.00,5268.00,2634,2634,27.00,27.00,54.00,27,27,0.00,0.00,0,0
1567117509,s4,0.00,0.00,0.00,0,0,0.00,0.00,0.00,0,0,0.00,0.00,0,0
1567117509,s3-eth2,151721.00,6193774.00,6345495.00,6193774,151721,2049.00,4091.00,6140.00,4091,2049,0.00,0.00,0,0
1567117509,s3-eth1,6193881.00,151614.00,6345495.00,151614,6193881,4092.00,2048.00,6140.00,2048,4092,0.00,0.00,0,0
1567117509,total,19039404.00,19038210.00,38077612.00,19038210,19039403,18450.00,18453.00,36903.00,18453,18450,0.00,0.00,0,0
1567117510,s5,0.00,0.00,0.00,0,0,0.00,0.00,0.00,0,0,0.00,0.00,0,0
1567117510,s1,70.00,482.00,552.00,482,70,1.00,3.00,4.00,3,1,0.00,0.00,0,0
1567117510,eth0,0.00,0.00,0.00,0,0,0.00,0.00,0.00,0,0,0.00,0.00,0,0
1567117510,eth1,0.00,0.00,0.00,0,0,0.00,0.00,0.00,0,0,0.00,0.00,0,0
1567117510,s2,0.00,894.00,894.00,894,0,0.00,5.00,5.00,5,0,0.00,0.00,0,0
1567117510,s1-eth2,150036.00,6118556.00,6268592.00,6118556,150036,2024.00,4044.00,6068.00,4044,2024,0.00,0.00,0,0
1567117510,s1-eth1,6117112.00,149480.00,6266592.00,149480,6117112,4044.00,2020.00,6064.00,2020,4044,0.00,0.00,0,0
1567117510,s3,0.00,280.00,280.00,280,0,0.00,4.00,4.00,4,0,0.00,0.00,0,0
1567117510,s2-eth2,149764.00,6116972.00,6266736.00,6116972,149764,2024.00,4042.00,6066.00,4042,2024,0.00,0.00,0,0
1567117510,s2-eth1,6118556.00,150036.00,6268592.00,150036,6118556,4044.00,2024.00,6068.00,2024,4044,0.00,0.00,0,0
1567117510,lo,3658.00,3658.00,7316.00,3658,3658,39.00,39.00,78.00,39,39,0.00,0.00,0,0
1567117510,s4,0.00,0.00,0.00,0,0,0.00,0.00,0.00,0,0,0.00,0.00,0,0
1567117510,s3-eth2,149834.00,6115116.00,6264950.00,6115116,149834,2025.00,4040.00,6065.00,4040,2025,0.00,0.00,0,0
1567117510,s3-eth1,6116972.00,149764.00,6266736.00,149764,6116972,4042.00,2024.00,6066.00,2024,4042,0.00,0.00,0,0
1567117510,total,18806002.00,18805238.00,37611240.00,18805238,18806002,18243.00,18245.00,36488.00,18245,18243,0.00,0.00,0,0
1567117511,s5,0.00,0.00,0.00,0,0,0.00,0.00,0.00,0,0,0.00,0.00,0,0
1567117511,s1,0.00,70.00,70.00,70,0,0.00,1.00,1.00,1,0,0.00,0.00,0,0
1567117511,eth0,0.00,0.00,0.00,0,0,0.00,0.00,0.00,0,0,0.00,0.00,0,0
1567117511,eth1,0.00,0.00,0.00,0,0,0.00,0.00,0.00,0,0,0.00,0.00,0,0
1567117511,s2,0.00,70.00,70.00,70,0,0.00,1.00,1.00,1,0,0.00,0.00,0,0
1567117511,s1-eth2,150812.00,6162050.00,6312862.00,6162050,150812,2038.00,4071.00,6109.00,4071,2038,0.00,0.00,0,0
1567117511,s1-eth1,6163564.00,150590.00,6314154.00,150590,6163564,4072.00,2035.00,6107.00,2035,4072,0.00,0.00,0,0
1567117511,s3,0.00,342.00,342.00,342,0,0.00,1.00,1.00,1,0,0.00,0.00,0,0
1567117511,s2-eth2,151154.00,6159022.00,6310176.00,6159022,151154,2039.00,4069.00,6108.00,4069,2039,0.00,0.00,0,0
1567117511,s2-eth1,6162050.00,150812.00,6312862.00,150812,6162050,4071.00,2038.00,6109.00,2038,4071,0.00,0.00,0,0
1567117511,lo,862.00,862.00,1724.00,862,862,9.00,9.00,18.00,9,9,0.00,0.00,0,0
1567117511,s4,0.00,0.00,0.00,0,0,0.00,0.00,0.00,0,0,0.00,0.00,0,0
1567117511,s3-eth2,151154.00,6152896.00,6304050.00,6152896,151154,2039.00,4064.00,6103.00,4064,2039,0.00,0.00,0,0
1567117511,s3-eth1,6159022.00,151154.00,6310176.00,151154,6159022,4069.00,2039.00,6108.00,2039,4069,0.00,0.00,0,0
1567117511,total,18938618.00,18927868.00,37866488.00,18927868,18938618,18337.00,18328.00,36665.00,18328,18337,0.00,0.00,0,0
1567117512,s5,0.00,0.00,0.00,0,0,0.00,0.00,0.00,0,0,0.00,0.00,0,0
1567117512,s1,0.00,0.00,0.00,0,0,0.00,0.00,0.00,0,0,0.00,0.00,0,0
1567117512,eth0,0.00,0.00,0.00,0,0,0.00,0.00,0.00,0,0,0.00,0.00,0,0
1567117512,eth1,0.00,0.00,0.00,0,0,0.00,0.00,0.00,0,0,0.00,0.00,0,0
1567117512,s2,0.00,0.00,0.00,0,0,0.00,0.00,0.00,0,0,0.00,0.00,0,0
1567117512,s1-eth2,148888.00,6105962.00,6254850.00,6105962,148888,2012.00,4033.00,6045.00,4033,2012,0.00,0.00,0,0
1567117512,s1-eth1,6102934.00,149184.00,6252118.00,149184,6102934,4031.00,2016.00,6047.00,2016,4031,0.00,0.00,0,0
1567117512,s3,0.00,342.00,342.00,342,0,0.00,1.00,1.00,1,0,0.00,0.00,0,0
1567117512,s2-eth2,149304.00,6105962.00,6255266.00,6105962,149304,2014.00,4033.00,6047.00,4033,2014,0.00,0.00,0,0
1567117512,s2-eth1,6105962.00,148888.00,6254850.00,148888,6105962,4033.00,2012.00,6045.00,2012,4033,0.00,0.00,0,0
1567117512,lo,670.00,670.00,1340.00,670,670,9.00,9.00,18.00,9,9,0.00,0.00,0,0
1567117512,s4,0.00,0.00,0.00,0,0,0.00,0.00,0.00,0,0,0.00,0.00,0,0
1567117512,s3-eth2,149304.00,6105962.00,6255266.00,6105962,149304,2014.00,4033.00,6047.00,4033,2014,0.00,0.00,0,0
1567117512,s3-eth1,6105962.00,149304.00,6255266.00,149304,6105962,4033.00,2014.00,6047.00,2014,4033,0.00,0.00,0,0
1567117512,total,18763024.00,18766274.00,37529296.00,18766274,18763024,18146.00,18151.00,36297.00,18151,18146,0.00,0.00,0,0
1567117513,s5,0.00,0.00,0.00,0,0,0.00,0.00,0.00,0,0,0.00,0.00,0,0
1567117513,s1,0.00,0.00,0.00,0,0,0.00,0.00,0.00,0,0,0.00,0.00,0,0
1567117513,eth0,0.00,0.00,0.00,0,0,0.00,0.00,0.00,0,0,0.00,0.00,0,0
1567117513,eth1,0.00,0.00,0.00,0,0,0.00,0.00,0.00,0,0,0.00,0.00,0,0
1567117513,s2,0.00,0.00,0.00,0,0,0.00,0.00,0.00,0,0,0.00,0.00,0,0
1567117513,s1-eth2,151626.00,6201344.00,6352970.00,6201344,151626,2049.00,4096.00,6145.00,4096,2049,0.00,0.00,0,0
1567117513,s1-eth1,6202858.00,151626.00,6354484.00,151626,6202858,4097.00,2049.00,6146.00,2049,4097,0.00,0.00,0,0
1567117513,s3,0.00,0.00,0.00,0,0,0.00,0.00,0.00,0,0,0.00,0.00,0,0
1567117513,s2-eth2,151478.00,6199830.00,6351308.00,6199830,151478,2047.00,4095.00,6142.00,4095,2047,0.00,0.00,0,0
1567117513,s2-eth1,6201344.00,151626.00,6352970.00,151626,6201344,4096.00,2049.00,6145.00,2049,4096,0.00,0.00,0,0
1567117513,lo,0.00,0.00,0.00,0,0,0.00,0.00,0.00,0,0,0.00,0.00,0,0
1567117513,s4,0.00,0.00,0.00,0,0,0.00,0.00,0.00,0,0,0.00,0.00,0,0
1567117513,s3-eth2,151478.00,6199830.00,6351308.00,6199830,151478,2047.00,4095.00,6142.00,4095,2047,0.00,0.00,0,0
1567117513,s3-eth1,6199830.00,151478.00,6351308.00,151478,6199830,4095.00,2047.00,6142.00,2047,4095,0.00,0.00,0,0
1567117513,total,19058614.00,19055734.00,38114348.00,19055734,19058614,18431.00,18431.00,36862.00,18431,18431,0.00,0.00,0,0
1567117514,s5,0.00,0.00,0.00,0,0,0.00,0.00,0.00,0,0,0.00,0.00,0,0
1567117514,s1,0.00,0.00,0.00,0,0,0.00,0.00,0.00,0,0,0.00,0.00,0,0
1567117514,eth0,0.00,0.00,0.00,0,0,0.00,0.00,0.00,0,0,0.00,0.00,0,0
1567117514,eth1,0.00,0.00,0.00,0,0,0.00,0.00,0.00,0,0,0.00,0.00,0,0
1567117514,s2,0.00,0.00,0.00,0,0,0.00,0.00,0.00,0,0,0.00,0.00,0,0
1567117514,s1-eth2,148074.00,6057514.00,6205588.00,6057514,148074,2001.00,4001.00,6002.00,4001,2001,0.00,0.00,0,0
1567117514,s1-eth1,6060542.00,148074.00,6208616.00,148074,6060542,4003.00,2001.00,6004.00,2001,4003,0.00,0.00,0,0
1567117514,s3,0.00,0.00,0.00,0,0,0.00,0.00,0.00,0,0,0.00,0.00,0,0
1567117514,s2-eth2,148074.00,6054486.00,6202560.00,6054486,148074,2001.00,3999.00,6000.00,3999,2001,0.00,0.00,0,0
1567117514,s2-eth1,6057514.00,148074.00,6205588.00,148074,6057514,4001.00,2001.00,6002.00,2001,4001,0.00,0.00,0,0
1567117514,lo,0.00,0.00,0.00,0,0,0.00,0.00,0.00,0,0,0.00,0.00,0,0
1567117514,s4,0.00,0.00,0.00,0,0,0.00,0.00,0.00,0,0,0.00,0.00,0,0
1567117514,s3-eth2,148148.00,6052972.00,6201120.00,6052972,148148,2002.00,3998.00,6000.00,3998,2002,0.00,0.00,0,0
1567117514,s3-eth1,6054486.00,148074.00,6202560.00,148074,6054486,3999.00,2001.00,6000.00,2001,3999,0.00,0.00,0,0
1567117514,total,18616838.00,18609194.00,37226032.00,18609194,18616838,18007.00,18001.00,36008.00,18001,18007,0.00,0.00,0,0
1567117515,s5,0.00,0.00,0.00,0,0,0.00,0.00,0.00,0,0,0.00,0.00,0,0
1567117515,s1,0.00,0.00,0.00,0,0,0.00,0.00,0.00,0,0,0.00,0.00,0,0
1567117515,eth0,0.00,0.00,0.00,0,0,0.00,0.00,0.00,0,0,0.00,0.00,0,0
1567117515,eth1,0.00,0.00,0.00,0,0,0.00,0.00,0.00,0,0,0.00,0.00,0,0
1567117515,s2,0.00,0.00,0.00,0,0,0.00,0.00,0.00,0,0,0.00,0.00,0,0
1567117515,s1-eth2,133422.00,5464026.00,5597448.00,5464026,133422,1803.00,3609.00,5412.00,3609,1803,0.00,0.00,0,0
1567117515,s1-eth1,5459484.00,133422.00,5592906.00,133422,5459484,3606.00,1803.00,5409.00,1803,3606,0.00,0.00,0,0
1567117515,s3,0.00,0.00,0.00,0,0,0.00,0.00,0.00,0,0,0.00,0.00,0,0
1567117515,s2-eth2,133496.00,5465540.00,5599036.00,5465540,133496,1804.00,3610.00,5414.00,3610,1804,0.00,0.00,0,0
1567117515,s2-eth1,5464026.00,133422.00,5597448.00,133422,5464026,3609.00,1803.00,5412.00,1803,3609,0.00,0.00,0,0
1567117515,lo,344.00,344.00,688.00,344,344,6.00,6.00,12.00,6,6,0.00,0.00,0,0
1567117515,s4,0.00,0.00,0.00,0,0,0.00,0.00,0.00,0,0,0.00,0.00,0,0
1567117515,s3-eth2,133422.00,5482194.00,5615616.00,5482194,133422,1803.00,3621.00,5424.00,3621,1803,0.00,0.00,0,0
1567117515,s3-eth1,5465540.00,133496.00,5599036.00,133496,5465540,3610.00,1804.00,5414.00,1804,3610,0.00,0.00,0,0
1567117515,total,16789734.00,16812444.00,33602176.00,16812444,16789734,16241.00,16256.00,32497.00,16256,16241,0.00,0.00,0,0
1567117516,s5,0.00,0.00,0.00,0,0,0.00,0.00,0.00,0,0,0.00,0.00,0,0
1567117516,s1,0.00,0.00,0.00,0,0,0.00,0.00,0.00,0,0,0.00,0.00,0,0
1567117516,eth0,0.00,0.00,0.00,0,0,0.00,0.00,0.00,0,0,0.00,0.00,0,0
1567117516,eth1,0.00,0.00,0.00,0,0,0.00,0.00,0.00,0,0,0.00,0.00,0,0
1567117516,s2,0.00,0.00,0.00,0,0,0.00,0.00,0.00,0,0,0.00,0.00,0,0
1567117516,s1-eth2,134606.00,5460998.00,5595604.00,5460998,134606,1819.00,3607.00,5426.00,3607,1819,0.00,0.00,0,0
1567117516,s1-eth1,5459591.00,133940.00,5593531.00,133940,5459591,3607.00,1810.00,5417.00,1810,3607,0.00,0.00,0,0
1567117516,s3,0.00,0.00,0.00,0,0,0.00,0.00,0.00,0,0,0.00,0.00,0,0
1567117516,s2-eth2,135050.00,5470082.00,5605132.00,5470082,135050,1825.00,3613.00,5438.00,3613,1825,0.00,0.00,0,0
1567117516,s2-eth1,5460998.00,134606.00,5595604.00,134606,5460998,3607.00,1819.00,5426.00,1819,3607,0.00,0.00,0,0
1567117516,lo,0.00,0.00,0.00,0,0,0.00,0.00,0.00,0,0,0.00,0.00,0,0
1567117516,s4,0.00,0.00,0.00,0,0,0.00,0.00,0.00,0,0,0.00,0.00,0,0
1567117516,s3-eth2,135642.00,5456456.00,5592098.00,5456456,135642,1833.00,3604.00,5437.00,3604,1833,0.00,0.00,0,0
1567117516,s3-eth1,5470082.00,135050.00,5605132.00,135050,5470082,3613.00,1825.00,5438.00,1825,3613,0.00,0.00,0,0
1567117516,total,16795968.00,16791132.00,33587100.00,16791132,16795969,16304.00,16278.00,32582.00,16278,16304,0.00,0.00,0,0
1567117517,s5,0.00,0.00,0.00,0,0,0.00,0.00,0.00,0,0,0.00,0.00,0,0
1567117517,s1,0.00,214.00,214.00,214,0,0.00,2.00,2.00,2,0,0.00,0.00,0,0
1567117517,eth0,0.00,0.00,0.00,0,0,0.00,0.00,0.00,0,0,0.00,0.00,0,0
1567117517,eth1,0.00,0.00,0.00,0,0,0.00,0.00,0.00,0,0,0.00,0.00,0,0
1567117517,s2,0.00,214.00,214.00,214,0,0.00,2.00,2.00,2,0,0.00,0.00,0,0
1567117517,s1-eth2,124057.00,5063030.00,5187087.00,5063030,124057,1676.00,3346.00,5022.00,3346,1676,0.00,0.00,0,0
1567117517,s1-eth1,5073628.00,124098.00,5197726.00,124098,5073628,3353.00,1677.00,5030.00,1677,3353,0.00,0.00,0,0
1567117517,s3,0.00,214.00,214.00,214,0,0.00,2.00,2.00,2,0,0.00,0.00,0,0
1567117517,s2-eth2,124164.00,5046269.00,5170433.00,5046269,124164,1677.00,3334.00,5011.00,3334,1677,0.00,0.00,0,0
1567117517,s2-eth1,5063030.00,124057.00,5187087.00,124057,5063030,3346.00,1676.00,5022.00,1676,3346,0.00,0.00,0,0
1567117517,lo,2346.00,2346.00,4692.00,2346,2346,27.00,27.00,54.00,27,27,0.00,0.00,0,0
1567117517,s4,0.00,0.00,0.00,0,0,0.00,0.00,0.00,0,0,0.00,0.00,0,0
1567117517,s3-eth2,124197.00,5046162.00,5170359.00,5046162,124197,1677.00,3333.00,5010.00,3333,1677,0.00,0.00,0,0
1567117517,s3-eth1,5046269.00,124164.00,5170433.00,124164,5046269,3334.00,1677.00,5011.00,1677,3334,0.00,0.00,0,0
1567117517,total,15557691.00,15530768.00,31088460.00,15530768,15557691,15090.00,15076.00,30166.00,15076,15090,0.00,0.00,0,0
1567117518,s5,0.00,0.00,0.00,0,0,0.00,0.00,0.00,0,0,0.00,0.00,0,0
1567117518,s1,0.00,0.00,0.00,0,0,0.00,0.00,0.00,0,0,0.00,0.00,0,0
1567117518,eth0,1045.00,1054.00,2099.00,1054,1045,13.00,14.00,27.00,14,13,0.00,0.00,0,0
1567117518,eth1,0.00,0.00,0.00,0,0,0.00,0.00,0.00,0,0,0.00,0.00,0,0
1567117518,s2,0.00,0.00,0.00,0,0,0.00,0.00,0.00,0,0,0.00,0.00,0,0
1567117518,s1-eth2,116920.00,4837230.00,4954150.00,4837230,116920,1580.00,3195.00,4775.00,3195,1580,0.00,0.00,0,0
1567117518,s1-eth1,4831174.00,117438.00,4948612.00,117438,4831174,3191.00,1587.00,4778.00,1587,3191,0.00,0.00,0,0
1567117518,s3,0.00,0.00,0.00,0,0,0.00,0.00,0.00,0,0,0.00,0.00,0,0
1567117518,s2-eth2,116476.00,4844800.00,4961276.00,4844800,116476,1574.00,3200.00,4774.00,3200,1574,0.00,0.00,0,0
1567117518,s2-eth1,4837230.00,116920.00,4954150.00,116920,4837230,3195.00,1580.00,4775.00,1580,3195,0.00,0.00,0,0
1567117518,lo,0.00,0.00,0.00,0,0,0.00,0.00,0.00,0,0,0.00,0.00,0,0
1567117518,s4,0.00,0.00,0.00,0,0,0.00,0.00,0.00,0,0,0.00,0.00,0,0
1567117518,s3-eth2,115958.00,4847828.00,4963786.00,4847828,115958,1567.00,3202.00,4769.00,3202,1567,0.00,0.00,0,0
1567117518,s3-eth1,4844800.00,116476.00,4961276.00,116476,4844800,3200.00,1574.00,4774.00,1574,3200,0.00,0.00,0,0
1567117518,total,14863603.00,14881746.00,29745348.00,14881746,14863603,14320.00,14352.00,28672.00,14352,14320,0.00,0.00,0,0
1567117519,s5,0.00,0.00,0.00,0,0,0.00,0.00,0.00,0,0,0.00,0.00,0,0
1567117519,s1,0.00,342.00,342.00,342,0,0.00,1.00,1.00,1,0,0.00,0.00,0,0
1567117519,eth0,0.00,0.00,0.00,0,0,0.00,0.00,0.00,0,0,0.00,0.00,0,0
1567117519,eth1,0.00,0.00,0.00,0,0,0.00,0.00,0.00,0,0,0.00,0.00,0,0
1567117519,s2,0.00,0.00,0.00,0,0,0.00,0.00,0.00,0,0,0.00,0.00,0,0
1567117519,s1-eth2,135790.00,5556722.00,5692512.00,5556722,135790,1835.00,3671.00,5506.00,3671,1835,0.00,0.00,0,0
1567117519,s1-eth1,5555208.00,135716.00,5690924.00,135716,5555208,3670.00,1834.00,5504.00,1834,3670,0.00,0.00,0,0
1567117519,s3,0.00,0.00,0.00,0,0,0.00,0.00,0.00,0,0,0.00,0.00,0,0
1567117519,s2-eth2,135864.00,5557894.00,5693758.00,5557894,135864,1836.00,3671.00,5507.00,3671,1836,0.00,0.00,0,0
1567117519,s2-eth1,5556722.00,135790.00,5692512.00,135790,5556722,3671.00,1835.00,5506.00,1835,3671,0.00,0.00,0,0
1567117519,lo,326.00,326.00,652.00,326,326,3.00,3.00,6.00,3,3,0.00,0.00,0,0
1567117519,s4,0.00,0.00,0.00,0,0,0.00,0.00,0.00,0,0,0.00,0.00,0,0
1567117519,s3-eth2,135864.00,5560922.00,5696786.00,5560922,135864,1836.00,3673.00,5509.00,3673,1836,0.00,0.00,0,0
1567117519,s3-eth1,5557894.00,135864.00,5693758.00,135864,5557894,3671.00,1836.00,5507.00,1836,3671,0.00,0.00,0,0
1567117519,total,17077668.00,17083576.00,34161244.00,17083576,17077668,16522.00,16524.00,33046.00,16524,16522,0.00,0.00,0,0
1567117520,s5,0.00,0.00,0.00,0,0,0.00,0.00,0.00,0,0,0.00,0.00,0,0
1567117520,s1,0.00,0.00,0.00,0,0,0.00,0.00,0.00,0,0,0.00,0.00,0,0
1567117520,eth0,0.00,0.00,0.00,0,0,0.00,0.00,0.00,0,0,0.00,0.00,0,0
1567117520,eth1,0.00,0.00,0.00,0,0,0.00,0.00,0.00,0,0,0.00,0.00,0,0
1567117520,s2,0.00,0.00,0.00,0,0,0.00,0.00,0.00,0,0,0.00,0.00,0,0
1567117520,s1-eth2,152144.00,6224054.00,6376198.00,6224054,152144,2056.00,4111.00,6167.00,4111,2056,0.00,0.00,0,0
1567117520,s1-eth1,6225568.00,152144.00,6377712.00,152144,6225568,4112.00,2056.00,6168.00,2056,4112,0.00,0.00,0,0
1567117520,s3,0.00,0.00,0.00,0,0,0.00,0.00,0.00,0,0,0.00,0.00,0,0
1567117520,s2-eth2,151996.00,6224054.00,6376050.00,6224054,151996,2054.00,4111.00,6165.00,4111,2054,0.00,0.00,0,0
1567117520,s2-eth1,6224054.00,152144.00,6376198.00,152144,6224054,4111.00,2056.00,6167.00,2056,4111,0.00,0.00,0,0
1567117520,lo,0.00,0.00,0.00,0,0,0.00,0.00,0.00,0,0,0.00,0.00,0,0
1567117520,s4,0.00,0.00,0.00,0,0,0.00,0.00,0.00,0,0,0.00,0.00,0,0
1567117520,s3-eth2,151996.00,6224054.00,6376050.00,6224054,151996,2054.00,4111.00,6165.00,4111,2054,0.00,0.00,0,0
1567117520,s3-eth1,6224054.00,151996.00,6376050.00,151996,6224054,4111.00,2054.00,6165.00,2054,4111,0.00,0.00,0,0
1567117520,total,19129812.00,19128446.00,38258256.00,19128446,19129812,18498.00,18499.00,36997.00,18499,18498,0.00,0.00,0,0
1567117521,s5,0.00,0.00,0.00,0,0,0.00,0.00,0.00,0,0,0.00,0.00,0,0
1567117521,s1,0.00,0.00,0.00,0,0,0.00,0.00,0.00,0,0,0.00,0.00,0,0
1567117521,eth0,0.00,0.00,0.00,0,0,0.00,0.00,0.00,0,0,0.00,0.00,0,0
1567117521,eth1,0.00,0.00,0.00,0,0,0.00,0.00,0.00,0,0,0.00,0.00,0,0
1567117521,s2,0.00,0.00,0.00,0,0,0.00,0.00,0.00,0,0,0.00,0.00,0,0
1567117521,s1-eth2,150960.00,6177120.00,6328080.00,6177120,150960,2040.00,4080.00,6120.00,4080,2040,0.00,0.00,0,0
1567117521,s1-eth1,6178634.00,151034.00,6329668.00,151034,6178634,4081.00,2041.00,6122.00,2041,4081,0.00,0.00,0,0
1567117521,s3,0.00,0.00,0.00,0,0,0.00,0.00,0.00,0,0,0.00,0.00,0,0
1567117521,s2-eth2,151034.00,6178634.00,6329668.00,6178634,151034,2041.00,4081.00,6122.00,4081,2041,0.00,0.00,0,0
1567117521,s2-eth1,6178634.00,150960.00,6329594.00,150960,6178634,4081.00,2040.00,6121.00,2040,4081,0.00,0.00,0,0
1567117521,lo,0.00,0.00,0.00,0,0,0.00,0.00,0.00,0,0,0.00,0.00,0,0
1567117521,s4,0.00,0.00,0.00,0,0,0.00,0.00,0.00,0,0,0.00,0.00,0,0
1567117521,s3-eth2,151034.00,6180148.00,6331182.00,6180148,151034,2041.00,4082.00,6123.00,4082,2041,0.00,0.00,0,0
1567117521,s3-eth1,6178634.00,151034.00,6329668.00,151034,6178634,4081.00,2041.00,6122.00,2041,4081,0.00,0.00,0,0
1567117521,total,18988930.00,18988930.00,37977860.00,18988930,18988930,18365.00,18365.00,36730.00,18365,18365,0.00,0.00,0,0
1567117522,s5,0.00,0.00,0.00,0,0,0.00,0.00,0.00,0,0,0.00,0.00,0,0
1567117522,s1,0.00,0.00,0.00,0,0,0.00,0.00,0.00,0,0,0.00,0.00,0,0
1567117522,eth0,305.00,240.00,545.00,240,305,4.00,4.00,8.00,4,4,0.00,0.00,0,0
1567117522,eth1,0.00,0.00,0.00,0,0,0.00,0.00,0.00,0,0,0.00,0.00,0,0
1567117522,s2,0.00,0.00,0.00,0,0,0.00,0.00,0.00,0,0,0.00,0.00,0,0
1567117522,s1-eth2,152218.00,6221026.00,6373244.00,6221026,152218,2057.00,4109.00,6166.00,4109,2057,0.00,0.00,0,0
1567117522,s1-eth1,6219854.00,151996.00,6371850.00,151996,6219854,4109.00,2054.00,6163.00,2054,4109,0.00,0.00,0,0
1567117522,s3,0.00,0.00,0.00,0,0,0.00,0.00,0.00,0,0,0.00,0.00,0,0
1567117522,s2-eth2,152144.00,6219512.00,6371656.00,6219512,152144,2056.00,4108.00,6164.00,4108,2056,0.00,0.00,0,0
1567117522,s2-eth1,6219512.00,152218.00,6371730.00,152218,6219512,4108.00,2057.00,6165.00,2057,4108,0.00,0.00,0,0
1567117522,lo,688.00,688.00,1376.00,688,688,12.00,12.00,24.00,12,12,0.00,0.00,0,0
1567117522,s4,0.00,0.00,0.00,0,0,0.00,0.00,0.00,0,0,0.00,0.00,0,0
1567117522,s3-eth2,152486.00,6219512.00,6371998.00,6219512,152486,2057.00,4108.00,6165.00,4108,2057,0.00,0.00,0,0
1567117522,s3-eth1,6219512.00,152144.00,6371656.00,152144,6219512,4108.00,2056.00,6164.00,2056,4108,0.00,0.00,0,0
1567117522,total,19116720.00,19117336.00,38234056.00,19117336,19116719,18511.00,18508.00,37019.00,18508,18511,0.00,0.00,0,0
1567117523,s5,0.00,0.00,0.00,0,0,0.00,0.00,0.00,0,0,0.00,0.00,0,0
1567117523,s1,0.00,0.00,0.00,0,0,0.00,0.00,0.00,0,0,0.00,0.00,0,0
1567117523,eth0,0.00,0.00,0.00,0,0,0.00,0.00,0.00,0,0,0.00,0.00,0,0
1567117523,eth1,0.00,0.00,0.00,0,0,0.00,0.00,0.00,0,0,0.00,0.00,0,0
1567117523,s2,0.00,0.00,0.00,0,0,0.00,0.00,0.00,0,0,0.00,0.00,0,0
1567117523,s1-eth2,151922.00,6224054.00,6375976.00,6224054,151922,2053.00,4111.00,6164.00,4111,2053,0.00,0.00,0,0
1567117523,s1-eth1,6224054.00,152144.00,6376198.00,152144,6224054,4111.00,2056.00,6167.00,2056,4111,0.00,0.00,0,0
1567117523,s3,0.00,0.00,0.00,0,0,0.00,0.00,0.00,0,0,0.00,0.00,0,0
1567117523,s2-eth2,151922.00,6224054.00,6375976.00,6224054,151922,2053.00,4111.00,6164.00,4111,2053,0.00,0.00,0,0
1567117523,s2-eth1,6224054.00,151922.00,6375976.00,151922,6224054,4111.00,2053.00,6164.00,2053,4111,0.00,0.00,0,0
1567117523,lo,0.00,0.00,0.00,0,0,0.00,0.00,0.00,0,0,0.00,0.00,0,0
1567117523,s4,0.00,0.00,0.00,0,0,0.00,0.00,0.00,0,0,0.00,0.00,0,0
1567117523,s3-eth2,151922.00,6222540.00,6374462.00,6222540,151922,2053.00,4110.00,6163.00,4110,2053,0.00,0.00,0,0
1567117523,s3-eth1,6224054.00,151922.00,6375976.00,151922,6224054,4111.00,2053.00,6164.00,2053,4111,0.00,0.00,0,0
1567117523,total,19127928.00,19126636.00,38254564.00,19126636,19127928,18492.00,18494.00,36986.00,18494,18492,0.00,0.00,0,0
1567117524,s5,0.00,0.00,0.00,0,0,0.00,0.00,0.00,0,0,0.00,0.00,0,0
1567117524,s1,0.00,0.00,0.00,0,0,0.00,0.00,0.00,0,0,0.00,0.00,0,0
1567117524,eth0,480.00,480.00,960.00,480,480,6.00,6.00,12.00,6,6,0.00,0.00,0,0
1567117524,eth1,0.00,0.00,0.00,0,0,0.00,0.00,0.00,0,0,0.00,0.00,0,0
1567117524,s2,0.00,0.00,0.00,0,0,0.00,0.00,0.00,0,0,0.00,0.00,0,0
1567117524,s1-eth2,151626.00,6207400.00,6359026.00,6207400,151626,2049.00,4100.00,6149.00,4100,2049,0.00,0.00,0,0
1567117524,s1-eth1,6205886.00,151626.00,6357512.00,151626,6205886,4099.00,2049.00,6148.00,2049,4099,0.00,0.00,0,0
1567117524,s3,0.00,0.00,0.00,0,0,0.00,0.00,0.00,0,0,0.00,0.00,0,0
1567117524,s2-eth2,151700.00,6210428.00,6362128.00,6210428,151700,2050.00,4102.00,6152.00,4102,2050,0.00,0.00,0,0
1567117524,s2-eth1,6207400.00,151626.00,6359026.00,151626,6207400,4100.00,2049.00,6149.00,2049,4100,0.00,0.00,0,0
1567117524,lo,172.00,172.00,344.00,172,172,3.00,3.00,6.00,3,3,0.00,0.00,0,0
1567117524,s4,0.00,0.00,0.00,0,0,0.00,0.00,0.00,0,0,0.00,0.00,0,0
1567117524,s3-eth2,151626.00,6208914.00,6360540.00,6208914,151626,2049.00,4101.00,6150.00,4101,2049,0.00,0.00,0,0
1567117524,s3-eth1,6210428.00,151700.00,6362128.00,151700,6210428,4102.00,2050.00,6152.00,2050,4102,0.00,0.00,0,0
1567117524,total,19079318.00,19082346.00,38161664.00,19082346,19079318,18458.00,18460.00,36918.00,18460,18458,0.00,0.00,0,0
1567117525,s5,0.00,0.00,0.00,0,0,0.00,0.00,0.00,0,0,0.00,0.00,0,0
1567117525,s1,0.00,342.00,342.00,342,0,0.00,1.00,1.00,1,0,0.00,0.00,0,0
1567117525,eth0,0.00,0.00,0.00,0,0,0.00,0.00,0.00,0,0,0.00,0.00,0,0
1567117525,eth1,0.00,0.00,0.00,0,0,0.00,0.00,0.00,0,0,0.00,0.00,0,0
1567117525,s2,0.00,342.00,342.00,342,0,0.00,1.00,1.00,1,0,0.00,0.00,0,0
1567117525,s1-eth2,151700.00,6194116.00,6345816.00,6194116,151700,2050.00,4092.00,6142.00,4092,2050,0.00,0.00,0,0
1567117525,s1-eth1,6194116.00,151330.00,6345446.00,151330,6194116,4092.00,2045.00,6137.00,2045,4092,0.00,0.00,0,0
1567117525,s3,0.00,0.00,0.00,0,0,0.00,0.00,0.00,0,0,0.00,0.00,0,0
1567117525,s2-eth2,151626.00,6191088.00,6342714.00,6191088,151626,2049.00,4090.00,6139.00,4090,2049,0.00,0.00,0,0
1567117525,s2-eth1,6194116.00,151700.00,6345816.00,151700,6194116,4092.00,2050.00,6142.00,2050,4092,0.00,0.00,0,0
1567117525,lo,652.00,652.00,1304.00,652,652,6.00,6.00,12.00,6,6,0.00,0.00,0,0
1567117525,s4,0.00,0.00,0.00,0,0,0.00,0.00,0.00,0,0,0.00,0.00,0,0
1567117525,s3-eth2,151700.00,6192260.00,6343960.00,6192260,151700,2050.00,4090.00,6140.00,4090,2050,0.00,0.00,0,0
1567117525,s3-eth1,6191088.00,151626.00,6342714.00,151626,6191088,4090.00,2049.00,6139.00,2049,4090,0.00,0.00,0,0
1567117525,total,19034998.00,19033456.00,38068456.00,19033456,19034998,18429.00,18424.00,36853.00,18424,18429,0.00,0.00,0,0
1567117526,s5,0.00,0.00,0.00,0,0,0.00,0.00,0.00,0,0,0.00,0.00,0,0
1567117526,s1,0.00,0.00,0.00,0,0,0.00,0.00,0.00,0,0,0.00,0.00,0,0
1567117526,eth0,0.00,0.00,0.00,0,0,0.00,0.00,0.00,0,0,0.00,0.00,0,0
1567117526,eth1,0.00,0.00,0.00,0,0,0.00,0.00,0.00,0,0,0.00,0.00,0,0
1567117526,s2,0.00,342.00,342.00,342,0,0.00,1.00,1.00,1,0,0.00,0.00,0,0
1567117526,s1-eth2,132284.00,5411036.00,5543320.00,5411036,132284,1784.00,3574.00,5358.00,3574,1784,0.00,0.00,0,0
1567117526,s1-eth1,5411036.00,132238.00,5543274.00,132238,5411036,3574.00,1787.00,5361.00,1787,3574,0.00,0.00,0,0
1567117526,s3,0.00,342.00,342.00,342,0,0.00,1.00,1.00,1,0,0.00,0.00,0,0
1567117526,s2-eth2,132284.00,5415578.00,5547862.00,5415578,132284,1784.00,3577.00,5361.00,3577,1784,0.00,0.00,0,0
1567117526,s2-eth1,5411036.00,132284.00,5543320.00,132284,5411036,3574.00,1784.00,5358.00,1784,3574,0.00,0.00,0,0
1567117526,lo,652.00,652.00,1304.00,652,652,6.00,6.00,12.00,6,6,0.00,0.00,0,0
1567117526,s4,0.00,0.00,0.00,0,0,0.00,0.00,0.00,0,0,0.00,0.00,0,0
1567117526,s3-eth2,132284.00,5417092.00,5549376.00,5417092,132284,1784.00,3578.00,5362.00,3578,1784,0.00,0.00,0,0
1567117526,s3-eth1,5415578.00,132284.00,5547862.00,132284,5415578,3577.00,1784.00,5361.00,1784,3577,0.00,0.00,0,0
1567117526,total,16635154.00,16641848.00,33277002.00,16641848,16635154,16083.00,16092.00,32175.00,16092,16083,0.00,0.00,0,0
1567117527,s5,0.00,0.00,0.00,0,0,0.00,0.00,0.00,0,0,0.00,0.00,0,0
1567117527,s1,0.00,0.00,0.00,0,0,0.00,0.00,0.00,0,0,0.00,0.00,0,0
1567117527,eth0,0.00,0.00,0.00,0,0,0.00,0.00,0.00,0,0,0.00,0.00,0,0
1567117527,eth1,0.00,0.00,0.00,0,0,0.00,0.00,0.00,0,0,0.00,0.00,0,0
1567117527,s2,0.00,0.00,0.00,0,0,0.00,0.00,0.00,0,0,0.00,0.00,0,0
1567117527,s1-eth2,151404.00,6195288.00,6346692.00,6195288,151404,2046.00,4092.00,6138.00,4092,2046,0.00,0.00,0,0
1567117527,s1-eth1,6195288.00,151404.00,6346692.00,151404,6195288,4092.00,2046.00,6138.00,2046,4092,0.00,0.00,0,0
1567117527,s3,0.00,0.00,0.00,0,0,0.00,0.00,0.00,0,0,0.00,0.00,0,0
1567117527,s2-eth2,151404.00,6196802.00,6348206.00,6196802,151404,2046.00,4093.00,6139.00,4093,2046,0.00,0.00,0,0
1567117527,s2-eth1,6195288.00,151404.00,6346692.00,151404,6195288,4092.00,2046.00,6138.00,2046,4092,0.00,0.00,0,0
1567117527,lo,344.00,344.00,688.00,344,344,6.00,6.00,12.00,6,6,0.00,0.00,0,0
1567117527,s4,0.00,0.00,0.00,0,0,0.00,0.00,0.00,0,0,0.00,0.00,0,0
1567117527,s3-eth2,151404.00,6195288.00,6346692.00,6195288,151404,2046.00,4092.00,6138.00,4092,2046,0.00,0.00,0,0
1567117527,s3-eth1,6196802.00,151404.00,6348206.00,151404,6196802,4093.00,2046.00,6139.00,2046,4093,0.00,0.00,0,0
1567117527,total,19041934.00,19041934.00,38083868.00,19041934,19041934,18421.00,18421.00,36842.00,18421,18421,0.00,0.00,0,0
1567117528,s5,0.00,0.00,0.00,0,0,0.00,0.00,0.00,0,0,0.00,0.00,0,0
1567117528,s1,0.00,0.00,0.00,0,0,0.00,0.00,0.00,0,0,0.00,0.00,0,0
1567117528,eth0,0.00,0.00,0.00,0,0,0.00,0.00,0.00,0,0,0.00,0.00,0,0
1567117528,eth1,0.00,0.00,0.00,0,0,0.00,0.00,0.00,0,0,0.00,0.00,0,0
1567117528,s2,0.00,0.00,0.00,0,0,0.00,0.00,0.00,0,0,0.00,0.00,0,0
1567117528,s1-eth2,150442.00,6140784.00,6291226.00,6140784,150442,2033.00,4056.00,6089.00,4056,2033,0.00,0.00,0,0
1567117528,s1-eth1,6142298.00,150516.00,6292814.00,150516,6142298,4057.00,2034.00,6091.00,2034,4057,0.00,0.00,0,0
1567117528,s3,0.00,0.00,0.00,0,0,0.00,0.00,0.00,0,0,0.00,0.00,0,0
1567117528,s2-eth2,150442.00,6142298.00,6292740.00,6142298,150442,2033.00,4057.00,6090.00,4057,2033,0.00,0.00,0,0
1567117528,s2-eth1,6142298.00,150442.00,6292740.00,150442,6142298,4057.00,2033.00,6090.00,2033,4057,0.00,0.00,0,0
1567117528,lo,0.00,0.00,0.00,0,0,0.00,0.00,0.00,0,0,0.00,0.00,0,0
1567117528,s4,0.00,0.00,0.00,0,0,0.00,0.00,0.00,0,0,0.00,0.00,0,0
1567117528,s3-eth2,150516.00,6145326.00,6295842.00,6145326,150516,2034.00,4059.00,6093.00,4059,2034,0.00,0.00,0,0
1567117528,s3-eth1,6142298.00,150442.00,6292740.00,150442,6142298,4057.00,2033.00,6090.00,2033,4057,0.00,0.00,0,0
1567117528,total,18878294.00,18879808.00,37758104.00,18879808,18878294,18271.00,18272.00,36543.00,18272,18271,0.00,0.00,0,0
1567117529,s5,0.00,0.00,0.00,0,0,0.00,0.00,0.00,0,0,0.00,0.00,0,0
1567117529,s1,0.00,0.00,0.00,0,0,0.00,0.00,0.00,0,0,0.00,0.00,0,0
1567117529,eth0,365.00,385.00,750.00,385,365,5.00,6.00,11.00,6,5,0.00,0.00,0,0
1567117529,eth1,0.00,0.00,0.00,0,0,0.00,0.00,0.00,0,0,0.00,0.00,0,0
1567117529,s2,0.00,0.00,0.00,0,0,0.00,0.00,0.00,0,0,0.00,0.00,0,0
1567117529,s1-eth2,135790.00,5568492.00,5704282.00,5568492,135790,1835.00,3678.00,5513.00,3678,1835,0.00,0.00,0,0
1567117529,s1-eth1,5570006.00,135716.00,5705722.00,135716,5570006,3679.00,1834.00,5513.00,1834,3679,0.00,0.00,0,0
1567117529,s3,0.00,0.00,0.00,0,0,0.00,0.00,0.00,0,0,0.00,0.00,0,0
1567117529,s2-eth2,135790.00,5556380.00,5692170.00,5556380,135790,1835.00,3670.00,5505.00,3670,1835,0.00,0.00,0,0
1567117529,s2-eth1,5566978.00,135790.00,5702768.00,135790,5566978,3677.00,1835.00,5512.00,1835,3677,0.00,0.00,0,0
1567117529,lo,0.00,0.00,0.00,0,0,0.00,0.00,0.00,0,0,0.00,0.00,0,0
1567117529,s4,0.00,0.00,0.00,0,0,0.00,0.00,0.00,0,0,0.00,0.00,0,0
1567117529,s3-eth2,135716.00,5542754.00,5678470.00,5542754,135716,1834.00,3661.00,5495.00,3661,1834,0.00,0.00,0,0
1567117529,s3-eth1,5556380.00,135790.00,5692170.00,135790,5556380,3670.00,1835.00,5505.00,1835,3670,0.00,0.00,0,0
1567117529,total,17101024.00,17075308.00,34176332.00,17075307,17101025,16535.00,16519.00,33054.00,16519,16535,0.00,0.00,0,0
1567117530,s5,0.00,0.00,0.00,0,0,0.00,0.00,0.00,0,0,0.00,0.00,0,0
1567117530,s1,0.00,0.00,0.00,0,0,0.00,0.00,0.00,0,0,0.00,0.00,0,0
1567117530,eth0,320.00,320.00,640.00,320,320,4.00,4.00,8.00,4,4,0.00,0.00,0,0
1567117530,eth1,0.00,0.00,0.00,0,0,0.00,0.00,0.00,0,0,0.00,0.00,0,0
1567117530,s2,0.00,0.00,0.00,0,0,0.00,0.00,0.00,0,0,0.00,0.00,0,0
1567117530,s1-eth2,149850.00,6134728.00,6284578.00,6134728,149850,2025.00,4052.00,6077.00,4052,2025,0.00,0.00,0,0
1567117530,s1-eth1,6133214.00,149924.00,6283138.00,149924,6133214,4051.00,2026.00,6077.00,2026,4051,0.00,0.00,0,0
1567117530,s3,0.00,0.00,0.00,0,0,0.00,0.00,0.00,0,0,0.00,0.00,0,0
1567117530,s2-eth2,149850.00,6137756.00,6287606.00,6137756,149850,2025.00,4054.00,6079.00,4054,2025,0.00,0.00,0,0
1567117530,s2-eth1,6134728.00,149850.00,6284578.00,149850,6134728,4052.00,2025.00,6077.00,2025,4052,0.00,0.00,0,0
1567117530,lo,172.00,172.00,344.00,172,172,3.00,3.00,6.00,3,3,0.00,0.00,0,0
1567117530,s4,0.00,0.00,0.00,0,0,0.00,0.00,0.00,0,0,0.00,0.00,0,0
1567117530,s3-eth2,149924.00,6139270.00,6289194.00,6139270,149924,2026.00,4055.00,6081.00,4055,2026,0.00,0.00,0,0
1567117530,s3-eth1,6137756.00,149850.00,6287606.00,149850,6137756,4054.00,2025.00,6079.00,2025,4054,0.00,0.00,0,0
1567117530,total,18855814.00,18861870.00,37717684.00,18861870,18855814,18240.00,18244.00,36484.00,18244,18240,0.00,0.00,0,0
1567117531,s5,0.00,0.00,0.00,0,0,0.00,0.00,0.00,0,0,0.00,0.00,0,0
1567117531,s1,0.00,0.00,0.00,0,0,0.00,0.00,0.00,0,0,0.00,0.00,0,0
1567117531,eth0,0.00,0.00,0.00,0,0,0.00,0.00,0.00,0,0,0.00,0.00,0,0
1567117531,eth1,0.00,0.00,0.00,0,0,0.00,0.00,0.00,0,0,0.00,0.00,0,0
1567117531,s2,0.00,0.00,0.00,0,0,0.00,0.00,0.00,0,0,0.00,0.00,0,0
1567117531,s1-eth2,140089.91,5699053.00,5839143.00,5704752,140230,1893.11,3764.24,5657.34,3768,1895,0.00,0.00,0,0
1567117531,s1-eth1,5686953.00,139498.50,5826451.50,139638,5692640,3756.24,1885.11,5641.36,1887,3760,0.00,0.00,0,0
1567117531,s3,0.00,0.00,0.00,0,0,0.00,0.00,0.00,0,0,0.00,0.00,0,0
1567117531,s2-eth2,140533.47,5679391.00,5819924.00,5685070,140674,1899.10,3751.25,5650.35,3755,1901,0.00,0.00,0,0
1567117531,s2-eth1,5699053.00,140089.91,5839143.00,140230,5704752,3764.24,1893.11,5657.34,1895,3768,0.00,0.00,0,0
1567117531,lo,343.66,343.66,687.31,344,344,5.99,5.99,11.99,6,6,0.00,0.00,0,0
1567117531,s4,0.00,0.00,0.00,0,0,0.00,0.00,0.00,0,0,0.00,0.00,0,0
1567117531,s3-eth2,140977.03,5688465.50,5829442.50,5694154,141118,1905.09,3757.24,5662.34,3761,1907,0.00,0.00,0,0
1567117531,s3-eth1,5679391.00,140533.47,5819924.00,140674,5685070,3751.25,1899.10,5650.35,1901,3755,0.00,0.00,0,0
1567117531,total,17487342.00,17487376.00,34974716.00,17504862,17504828,16975.03,16956.04,33931.07,16973,16992,0.00,0.00,0,0
1567117532,s5,0.00,0.00,0.00,0,0,0.00,0.00,0.00,0,0,0.00,0.00,0,0
1567117532,s1,0.00,342.00,342.00,342,0,0.00,1.00,1.00,1,0,0.00,0.00,0,0
1567117532,eth0,0.00,0.00,0.00,0,0,0.00,0.00,0.00,0,0,0.00,0.00,0,0
1567117532,eth1,0.00,0.00,0.00,0,0,0.00,0.00,0.00,0,0,0.00,0.00,0,0
1567117532,s2,0.00,0.00,0.00,0,0,0.00,0.00,0.00,0,0,0.00,0.00,0,0
1567117532,s1-eth2,94424.00,3854986.00,3949410.00,3854986,94424,1276.00,2547.00,3823.00,2547,1276,0.00,0.00,0,0
1567117532,s1-eth1,3867205.00,94424.00,3961629.00,94424,3867205,2556.00,1276.00,3832.00,1276,2556,0.00,0.00,0,0
1567117532,s3,0.00,0.00,0.00,0,0,0.00,0.00,0.00,0,0,0.00,0.00,0,0
1567117532,s2-eth2,94572.00,3857672.00,3952244.00,3857672,94572,1278.00,2548.00,3826.00,2548,1278,0.00,0.00,0,0
1567117532,s2-eth1,3854986.00,94424.00,3949410.00,94424,3854986,2547.00,1276.00,3823.00,1276,2547,0.00,0.00,0,0
1567117532,lo,670.00,670.00,1340.00,670,670,9.00,9.00,18.00,9,9,0.00,0.00,0,0
1567117532,s4,0.00,0.00,0.00,0,0,0.00,0.00,0.00,0,0,0.00,0.00,0,0
1567117532,s3-eth2,94720.00,3877354.00,3972074.00,3877354,94720,1280.00,2561.00,3841.00,2561,1280,0.00,0.00,0,0
1567117532,s3-eth1,3857672.00,94572.00,3952244.00,94572,3857672,2548.00,1278.00,3826.00,1278,2548,0.00,0.00,0,0
1567117532,total,11864249.00,11874444.00,23738692.00,11874444,11864249,11494.00,11496.00,22990.00,11496,11494,0.00,0.00,0,0
1567117533,s5,0.00,0.00,0.00,0,0,0.00,0.00,0.00,0,0,0.00,0.00,0,0
1567117533,s1,0.00,214.00,214.00,214,0,0.00,2.00,2.00,2,0,0.00,0.00,0,0
1567117533,eth0,0.00,0.00,0.00,0,0,0.00,0.00,0.00,0,0,0.00,0.00,0,0
1567117533,eth1,0.00,0.00,0.00,0,0,0.00,0.00,0.00,0,0,0.00,0.00,0,0
1567117533,s2,0.00,214.00,214.00,214,0,0.00,2.00,2.00,2,0,0.00,0.00,0,0
1567117533,s1-eth2,97935.00,4042594.00,4140529.00,4042594,97935,1323.00,2672.00,3995.00,2672,1323,0.00,0.00,0,0
1567117533,s1-eth1,4044108.00,98346.00,4142454.00,98346,4044108,2673.00,1329.00,4002.00,1329,2673,0.00,0.00,0,0
1567117533,s3,0.00,556.00,556.00,556,0,0.00,3.00,3.00,3,0,0.00,0.00,0,0
1567117533,s2-eth2,97792.00,4059141.00,4156933.00,4059141,97792,1317.00,2682.00,3999.00,2682,1317,0.00,0.00,0,0
1567117533,s2-eth1,4042594.00,97935.00,4140529.00,97935,4042594,2672.00,1323.00,3995.00,1323,2672,0.00,0.00,0,0
1567117533,lo,2156.00,2156.00,4312.00,2156,2156,21.00,21.00,42.00,21,21,0.00,0.00,0,0
1567117533,s4,0.00,0.00,0.00,0,0,0.00,0.00,0.00,0,0,0.00,0.00,0,0
1567117533,s3-eth2,97233.00,4074174.00,4171407.00,4074174,97233,1309.00,2691.00,4000.00,2691,1309,0.00,0.00,0,0
1567117533,s3-eth1,4059141.00,97792.00,4156933.00,97792,4059141,2682.00,1317.00,3999.00,1317,2682,0.00,0.00,0,0
1567117533,total,12440959.00,12473122.00,24914080.00,12473122,12440959,11997.00,12042.00,24039.00,12042,11997,0.00,0.00,0,0
1567117534,s5,0.00,0.00,0.00,0,0,0.00,0.00,0.00,0,0,0.00,0.00,0,0
1567117534,s1,0.00,0.00,0.00,0,0,0.00,0.00,0.00,0,0,0.00,0.00,0,0
1567117534,eth0,0.00,0.00,0.00,0,0,0.00,0.00,0.00,0,0,0.00,0.00,0,0
1567117534,eth1,0.00,0.00,0.00,0,0,0.00,0.00,0.00,0,0,0.00,0.00,0,0
1567117534,s2,0.00,0.00,0.00,0,0,0.00,0.00,0.00,0,0,0.00,0.00,0,0
1567117534,s1-eth2,150368.00,6155924.00,6306292.00,6155924,150368,2032.00,4066.00,6098.00,4066,2032,0.00,0.00,0,0
1567117534,s1-eth1,6154410.00,150442.00,6304852.00,150442,6154410,4065.00,2033.00,6098.00,2033,4065,0.00,0.00,0,0
1567117534,s3,0.00,0.00,0.00,0,0,0.00,0.00,0.00,0,0,0.00,0.00,0,0
1567117534,s2-eth2,150516.00,6155924.00,6306440.00,6155924,150516,2034.00,4066.00,6100.00,4066,2034,0.00,0.00,0,0
1567117534,s2-eth1,6155924.00,150368.00,6306292.00,150368,6155924,4066.00,2032.00,6098.00,2032,4066,0.00,0.00,0,0
1567117534,lo,0.00,0.00,0.00,0,0,0.00,0.00,0.00,0,0,0.00,0.00,0,0
1567117534,s4,0.00,0.00,0.00,0,0,0.00,0.00,0.00,0,0,0.00,0.00,0,0
1567117534,s3-eth2,150516.00,6155924.00,6306440.00,6155924,150516,2034.00,4066.00,6100.00,4066,2034,0.00,0.00,0,0
1567117534,s3-eth1,6155924.00,150516.00,6306440.00,150516,6155924,4066.00,2034.00,6100.00,2034,4066,0.00,0.00,0,0
1567117534,total,18917658.00,18919098.00,37836756.00,18919098,18917658,18297.00,18297.00,36594.00,18297,18297,0.00,0.00,0,0
1567117535,s5,0.00,0.00,0.00,0,0,0.00,0.00,0.00,0,0,0.00,0.00,0,0
1567117535,s1,0.00,0.00,0.00,0,0,0.00,0.00,0.00,0,0,0.00,0.00,0,0
1567117535,eth0,0.00,0.00,0.00,0,0,0.00,0.00,0.00,0,0,0.00,0.00,0,0
1567117535,eth1,0.00,0.00,0.00,0,0,0.00,0.00,0.00,0,0,0.00,0.00,0,0
1567117535,s2,0.00,0.00,0.00,0,0,0.00,0.00,0.00,0,0,0.00,0.00,0,0
1567117535,s1-eth2,152292.00,6231624.00,6383916.00,6231624,152292,2058.00,4116.00,6174.00,4116,2058,0.00,0.00,0,0
1567117535,s1-eth1,6231624.00,152292.00,6383916.00,152292,6231624,4116.00,2058.00,6174.00,2058,4116,0.00,0.00,0,0
1567117535,s3,0.00,0.00,0.00,0,0,0.00,0.00,0.00,0,0,0.00,0.00,0,0
1567117535,s2-eth2,152218.00,6231624.00,6383842.00,6231624,152218,2057.00,4116.00,6173.00,4116,2057,0.00,0.00,0,0
1567117535,s2-eth1,6231624.00,152292.00,6383916.00,152292,6231624,4116.00,2058.00,6174.00,2058,4116,0.00,0.00,0,0
1567117535,lo,0.00,0.00,0.00,0,0,0.00,0.00,0.00,0,0,0.00,0.00,0,0
1567117535,s4,0.00,0.00,0.00,0,0,0.00,0.00,0.00,0,0,0.00,0.00,0,0
1567117535,s3-eth2,152218.00,6230110.00,6382328.00,6230110,152218,2057.00,4115.00,6172.00,4115,2057,0.00,0.00,0,0
1567117535,s3-eth1,6231624.00,152218.00,6383842.00,152218,6231624,4116.00,2057.00,6173.00,2057,4116,0.00,0.00,0,0
1567117535,total,19151600.00,19150160.00,38301760.00,19150160,19151600,18520.00,18520.00,37040.00,18520,18520,0.00,0.00,0,0
1567117536,s5,0.00,0.00,0.00,0,0,0.00,0.00,0.00,0,0,0.00,0.00,0,0
1567117536,s1,0.00,0.00,0.00,0,0,0.00,0.00,0.00,0,0,0.00,0.00,0,0
1567117536,eth0,320.00,320.00,640.00,320,320,4.00,4.00,8.00,4,4,0.00,0.00,0,0
1567117536,eth1,0.00,0.00,0.00,0,0,0.00,0.00,0.00,0,0,0.00,0.00,0,0
1567117536,s2,0.00,0.00,0.00,0,0,0.00,0.00,0.00,0,0,0.00,0.00,0,0
1567117536,s1-eth2,144966.00,5931852.00,6076818.00,5931852,144966,1959.00,3918.00,5877.00,3918,1959,0.00,0.00,0,0
1567117536,s1-eth1,5930338.00,144892.00,6075230.00,144892,5930338,3917.00,1958.00,5875.00,1958,3917,0.00,0.00,0,0
1567117536,s3,0.00,0.00,0.00,0,0,0.00,0.00,0.00,0,0,0.00,0.00,0,0
1567117536,s2-eth2,144892.00,5933366.00,6078258.00,5933366,144892,1958.00,3919.00,5877.00,3919,1958,0.00,0.00,0,0
1567117536,s2-eth1,5931852.00,144966.00,6076818.00,144966,5931852,3918.00,1959.00,5877.00,1959,3918,0.00,0.00,0,0
1567117536,lo,0.00,0.00,0.00,0,0,0.00,0.00,0.00,0,0,0.00,0.00,0,0
1567117536,s4,0.00,0.00,0.00,0,0,0.00,0.00,0.00,0,0,0.00,0.00,0,0
1567117536,s3-eth2,144892.00,5936394.00,6081286.00,5936394,144892,1958.00,3921.00,5879.00,3921,1958,0.00,0.00,0,0
1567117536,s3-eth1,5933366.00,144892.00,6078258.00,144892,5933366,3919.00,1958.00,5877.00,1958,3919,0.00,0.00,0,0
1567117536,total,18230626.00,18236682.00,36467308.00,18236682,18230626,17633.00,17637.00,35270.00,17637,17633,0.00,0.00,0,0
1567117537,s5,0.00,0.00,0.00,0,0,0.00,0.00,0.00,0,0,0.00,0.00,0,0
1567117537,s1,0.00,0.00,0.00,0,0,0.00,0.00,0.00,0,0,0.00,0.00,0,0
1567117537,eth0,365.00,385.00,750.00,385,365,5.00,6.00,11.00,6,5,0.00,0.00,0,0
1567117537,eth1,0.00,0.00,0.00,0,0,0.00,0.00,0.00,0,0,0.00,0.00,0,0
1567117537,s2,0.00,0.00,0.00,0,0,0.00,0.00,0.00,0,0,0.00,0.00,0,0
1567117537,s1-eth2,146002.00,5978786.00,6124788.00,5978786,146002,1973.00,3949.00,5922.00,3949,1973,0.00,0.00,0,0
1567117537,s1-eth1,5974586.00,146076.00,6120662.00,146076,5974586,3947.00,1974.00,5921.00,1974,3947,0.00,0.00,0,0
1567117537,s3,0.00,0.00,0.00,0,0,0.00,0.00,0.00,0,0,0.00,0.00,0,0
1567117537,s2-eth2,146002.00,5981814.00,6127816.00,5981814,146002,1973.00,3951.00,5924.00,3951,1973,0.00,0.00,0,0
1567117537,s2-eth1,5978786.00,146002.00,6124788.00,146002,5978786,3949.00,1973.00,5922.00,1973,3949,0.00,0.00,0,0
1567117537,lo,344.00,344.00,688.00,344,344,6.00,6.00,12.00,6,6,0.00,0.00,0,0
1567117537,s4,0.00,0.00,0.00,0,0,0.00,0.00,0.00,0,0,0.00,0.00,0,0
1567117537,s3-eth2,146076.00,5977272.00,6123348.00,5977272,146076,1974.00,3948.00,5922.00,3948,1974,0.00,0.00,0,0
1567117537,s3-eth1,5981814.00,146002.00,6127816.00,146002,5981814,3951.00,1973.00,5924.00,1973,3951,0.00,0.00,0,0
1567117537,total,18373976.00,18376680.00,36750656.00,18376681,18373975,17778.00,17780.00,35558.00,17780,17778,0.00,0.00,0,0
1567117538,s5,0.00,0.00,0.00,0,0,0.00,0.00,0.00,0,0,0.00,0.00,0,0
1567117538,s1,0.00,0.00,0.00,0,0,0.00,0.00,0.00,0,0,0.00,0.00,0,0
1567117538,eth0,0.00,0.00,0.00,0,0,0.00,0.00,0.00,0,0,0.00,0.00,0,0
1567117538,eth1,0.00,0.00,0.00,0,0,0.00,0.00,0.00,0,0,0.00,0.00,0,0
1567117538,s2,0.00,0.00,0.00,0,0,0.00,0.00,0.00,0,0,0.00,0.00,0,0
1567117538,s1-eth2,151330.00,6198316.00,6349646.00,6198316,151330,2045.00,4094.00,6139.00,4094,2045,0.00,0.00,0,0
1567117538,s1-eth1,6193774.00,151330.00,6345104.00,151330,6193774,4091.00,2045.00,6136.00,2045,4091,0.00,0.00,0,0
1567117538,s3,0.00,0.00,0.00,0,0,0.00,0.00,0.00,0,0,0.00,0.00,0,0
1567117538,s2-eth2,151404.00,6195288.00,6346692.00,6195288,151404,2046.00,4092.00,6138.00,4092,2046,0.00,0.00,0,0
1567117538,s2-eth1,6198316.00,151330.00,6349646.00,151330,6198316,4094.00,2045.00,6139.00,2045,4094,0.00,0.00,0,0
1567117538,lo,516.00,516.00,1032.00,516,516,9.00,9.00,18.00,9,9,0.00,0.00,0,0
1567117538,s4,0.00,0.00,0.00,0,0,0.00,0.00,0.00,0,0,0.00,0.00,0,0
1567117538,s3-eth2,151330.00,6193774.00,6345104.00,6193774,151330,2045.00,4091.00,6136.00,4091,2045,0.00,0.00,0,0
1567117538,s3-eth1,6195288.00,151404.00,6346692.00,151404,6195288,4092.00,2046.00,6138.00,2046,4092,0.00,0.00,0,0
1567117538,total,19041958.00,19041958.00,38083916.00,19041958,19041958,18422.00,18422.00,36844.00,18422,18422,0.00,0.00,0,0
1567117539,s5,0.00,0.00,0.00,0,0,0.00,0.00,0.00,0,0,0.00,0.00,0,0
1567117539,s1,0.00,0.00,0.00,0,0,0.00,0.00,0.00,0,0,0.00,0.00,0,0
1567117539,eth0,0.00,0.00,0.00,0,0,0.00,0.00,0.00,0,0,0.00,0.00,0,0
1567117539,eth1,0.00,0.00,0.00,0,0,0.00,0.00,0.00,0,0,0.00,0.00,0,0
1567117539,s2,0.00,0.00,0.00,0,0,0.00,0.00,0.00,0,0,0.00,0.00,0,0
1567117539,s1-eth2,137418.00,5610884.00,5748302.00,5610884,137418,1857.00,3706.00,5563.00,3706,1857,0.00,0.00,0,0
1567117539,s1-eth1,5621482.00,137418.00,5758900.00,137418,5621482,3713.00,1857.00,5570.00,1857,3713,0.00,0.00,0,0
1567117539,s3,0.00,0.00,0.00,0,0,0.00,0.00,0.00,0,0,0.00,0.00,0,0
1567117539,s2-eth2,137344.00,5621482.00,5758826.00,5621482,137344,1856.00,3713.00,5569.00,3713,1856,0.00,0.00,0,0
1567117539,s2-eth1,5610884.00,137418.00,5748302.00,137418,5610884,3706.00,1857.00,5563.00,1857,3706,0.00,0.00,0,0
1567117539,lo,0.00,0.00,0.00,0,0,0.00,0.00,0.00,0,0,0.00,0.00,0,0
1567117539,s4,0.00,0.00,0.00,0,0,0.00,0.00,0.00,0,0,0.00,0.00,0,0
1567117539,s3-eth2,137418.00,5607856.00,5745274.00,5607856,137418,1857.00,3704.00,5561.00,3704,1857,0.00,0.00,0,0
1567117539,s3-eth1,5622996.00,137418.00,5760414.00,137418,5622996,3714.00,1857.00,5571.00,1857,3714,0.00,0.00,0,0
1567117539,total,17267542.00,17252476.00,34520016.00,17252476,17267542,16703.00,16694.00,33397.00,16694,16703,0.00,0.00,0,0
1567117540,s5,0.00,0.00,0.00,0,0,0.00,0.00,0.00,0,0,0.00,0.00,0,0
1567117540,s1,0.00,342.00,342.00,342,0,0.00,1.00,1.00,1,0,0.00,0.00,0,0
1567117540,eth0,0.00,0.00,0.00,0,0,0.00,0.00,0.00,0,0,0.00,0.00,0,0
1567117540,eth1,0.00,0.00,0.00,0,0,0.00,0.00,0.00,0,0,0.00,0.00,0,0
1567117540,s2,0.00,684.00,684.00,684,0,0.00,2.00,2.00,2,0,0.00,0.00,0,0
1567117540,s1-eth2,147084.00,6003352.00,6150436.00,6003352,147084,1984.00,3966.00,5950.00,3966,1984,0.00,0.00,0,0
1567117540,s1-eth1,6000324.00,146668.00,6146992.00,146668,6000324,3964.00,1982.00,5946.00,1982,3964,0.00,0.00,0,0
1567117540,s3,0.00,0.00,0.00,0,0,0.00,0.00,0.00,0,0,0.00,0.00,0,0
1567117540,s2-eth2,146742.00,6007894.00,6154636.00,6007894,146742,1983.00,3969.00,5952.00,3969,1983,0.00,0.00,0,0
1567117540,s2-eth1,6003352.00,147084.00,6150436.00,147084,6003352,3966.00,1984.00,5950.00,1984,3966,0.00,0.00,0,0
1567117540,lo,978.00,978.00,1956.00,978,978,9.00,9.00,18.00,9,9,0.00,0.00,0,0
1567117540,s4,0.00,0.00,0.00,0,0,0.00,0.00,0.00,0,0,0.00,0.00,0,0
1567117540,s3-eth2,147010.00,6003010.00,6150020.00,6003010,147010,1983.00,3965.00,5948.00,3965,1983,0.00,0.00,0,0
1567117540,s3-eth1,6006380.00,146668.00,6153048.00,146668,6006380,3968.00,1982.00,5950.00,1982,3968,0.00,0.00,0,0
1567117540,total,18451870.00,18456680.00,36908552.00,18456680,18451870,17857.00,17860.00,35717.00,17860,17857,0.00,0.00,0,0
1567117541,s5,0.00,0.00,0.00,0,0,0.00,0.00,0.00,0,0,0.00,0.00,0,0
1567117541,s1,0.00,0.00,0.00,0,0,0.00,0.00,0.00,0,0,0.00,0.00,0,0
1567117541,eth0,0.00,0.00,0.00,0,0,0.00,0.00,0.00,0,0,0.00,0.00,0,0
1567117541,eth1,0.00,0.00,0.00,0,0,0.00,0.00,0.00,0,0,0.00,0.00,0,0
1567117541,s2,0.00,0.00,0.00,0,0,0.00,0.00,0.00,0,0,0.00,0.00,0,0
1567117541,s1-eth2,152440.00,6243736.00,6396176.00,6243736,152440,2060.00,4124.00,6184.00,4124,2060,0.00,0.00,0,0
1567117541,s1-eth1,6243736.00,152514.00,6396250.00,152514,6243736,4124.00,2061.00,6185.00,2061,4124,0.00,0.00,0,0
1567117541,s3,0.00,342.00,342.00,342,0,0.00,1.00,1.00,1,0,0.00,0.00,0,0
1567117541,s2-eth2,152782.00,6242222.00,6395004.00,6242222,152782,2061.00,4123.00,6184.00,4123,2061,0.00,0.00,0,0
1567117541,s2-eth1,6243736.00,152440.00,6396176.00,152440,6243736,4124.00,2060.00,6184.00,2060,4124,0.00,0.00,0,0
1567117541,lo,326.00,326.00,652.00,326,326,3.00,3.00,6.00,3,3,0.00,0.00,0,0
1567117541,s4,0.00,0.00,0.00,0,0,0.00,0.00,0.00,0,0,0.00,0.00,0,0
1567117541,s3-eth2,152856.00,6243736.00,6396592.00,6243736,152856,2062.00,4124.00,6186.00,4124,2062,0.00,0.00,0,0
1567117541,s3-eth1,6242222.00,152782.00,6395004.00,152782,6242222,4123.00,2061.00,6184.00,2061,4123,0.00,0.00,0,0
1567117541,total,19188098.00,19188098.00,38376196.00,19188098,19188098,18557.00,18557.00,37114.00,18557,18557,0.00,0.00,0,0
1567117542,s5,0.00,0.00,0.00,0,0,0.00,0.00,0.00,0,0,0.00,0.00,0,0
1567117542,s1,0.00,0.00,0.00,0,0,0.00,0.00,0.00,0,0,0.00,0.00,0,0
1567117542,eth0,160.00,160.00,320.00,160,160,2.00,2.00,4.00,2,2,0.00,0.00,0,0
1567117542,eth1,0.00,0.00,0.00,0,0,0.00,0.00,0.00,0,0,0.00,0.00,0,0
1567117542,s2,0.00,0.00,0.00,0,0,0.00,0.00,0.00,0,0,0.00,0.00,0,0
1567117542,s1-eth2,150442.00,6155924.00,6306366.00,6155924,150442,2033.00,4066.00,6099.00,4066,2033,0.00,0.00,0,0
1567117542,s1-eth1,6155924.00,150442.00,6306366.00,150442,6155924,4066.00,2033.00,6099.00,2033,4066,0.00,0.00,0,0
1567117542,s3,0.00,0.00,0.00,0,0,0.00,0.00,0.00,0,0,0.00,0.00,0,0
1567117542,s2-eth2,150442.00,6155924.00,6306366.00,6155924,150442,2033.00,4066.00,6099.00,4066,2033,0.00,0.00,0,0
1567117542,s2-eth1,6155924.00,150442.00,6306366.00,150442,6155924,4066.00,2033.00,6099.00,2033,4066,0.00,0.00,0,0
1567117542,lo,344.00,344.00,688.00,344,344,6.00,6.00,12.00,6,6,0.00,0.00,0,0
1567117542,s4,0.00,0.00,0.00,0,0,0.00,0.00,0.00,0,0,0.00,0.00,0,0
1567117542,s3-eth2,150442.00,6155924.00,6306366.00,6155924,150442,2033.00,4066.00,6099.00,4066,2033,0.00,0.00,0,0
1567117542,s3-eth1,6155924.00,150442.00,6306366.00,150442,6155924,4066.00,2033.00,6099.00,2033,4066,0.00,0.00,0,0
1567117542,total,18919602.00,18919602.00,37839204.00,18919602,18919602,18305.00,18305.00,36610.00,18305,18305,0.00,0.00,0,0
1567117543,s5,0.00,0.00,0.00,0,0,0.00,0.00,0.00,0,0,0.00,0.00,0,0
1567117543,s1,0.00,0.00,0.00,0,0,0.00,0.00,0.00,0,0,0.00,0.00,0,0
1567117543,eth0,0.00,0.00,0.00,0,0,0.00,0.00,0.00,0,0,0.00,0.00,0,0
1567117543,eth1,0.00,0.00,0.00,0,0,0.00,0.00,0.00,0,0,0.00,0.00,0,0
1567117543,s2,0.00,0.00,0.00,0,0,0.00,0.00,0.00,0,0,0.00,0.00,0,0
1567117543,s1-eth2,151922.00,6211942.00,6363864.00,6211942,151922,2053.00,4103.00,6156.00,4103,2053,0.00,0.00,0,0
1567117543,s1-eth1,6214970.00,151848.00,6366818.00,151848,6214970,4105.00,2052.00,6157.00,2052,4105,0.00,0.00,0,0
1567117543,s3,0.00,0.00,0.00,0,0,0.00,0.00,0.00,0,0,0.00,0.00,0,0
1567117543,s2-eth2,151922.00,6211942.00,6363864.00,6211942,151922,2053.00,4103.00,6156.00,4103,2053,0.00,0.00,0,0
1567117543,s2-eth1,6211942.00,151922.00,6363864.00,151922,6211942,4103.00,2053.00,6156.00,2053,4103,0.00,0.00,0,0
1567117543,lo,0.00,0.00,0.00,0,0,0.00,0.00,0.00,0,0,0.00,0.00,0,0
1567117543,s4,0.00,0.00,0.00,0,0,0.00,0.00,0.00,0,0,0.00,0.00,0,0
1567117543,s3-eth2,151848.00,6211942.00,6363790.00,6211942,151848,2052.00,4103.00,6155.00,4103,2052,0.00,0.00,0,0
1567117543,s3-eth1,6211942.00,151922.00,6363864.00,151922,6211942,4103.00,2053.00,6156.00,2053,4103,0.00,0.00,0,0
1567117543,total,19094546.00,19091518.00,38186064.00,19091518,19094546,18469.00,18467.00,36936.00,18467,18469,0.00,0.00,0,0
1567117544,s5,0.00,0.00,0.00,0,0,0.00,0.00,0.00,0,0,0.00,0.00,0,0
1567117544,s1,0.00,0.00,0.00,0,0,0.00,0.00,0.00,0,0,0.00,0.00,0,0
1567117544,eth0,0.00,0.00,0.00,0,0,0.00,0.00,0.00,0,0,0.00,0.00,0,0
1567117544,eth1,0.00,0.00,0.00,0,0,0.00,0.00,0.00,0,0,0.00,0.00,0,0
1567117544,s2,0.00,0.00,0.00,0,0,0.00,0.00,0.00,0,0,0.00,0.00,0,0
1567117544,s1-eth2,150886.00,6174092.00,6324978.00,6174092,150886,2039.00,4078.00,6117.00,4078,2039,0.00,0.00,0,0
1567117544,s1-eth1,6172578.00,150886.00,6323464.00,150886,6172578,4077.00,2039.00,6116.00,2039,4077,0.00,0.00,0,0
1567117544,s3,0.00,0.00,0.00,0,0,0.00,0.00,0.00,0,0,0.00,0.00,0,0
1567117544,s2-eth2,150886.00,6177120.00,6328006.00,6177120,150886,2039.00,4080.00,6119.00,4080,2039,0.00,0.00,0,0
1567117544,s2-eth1,6174092.00,150886.00,6324978.00,150886,6174092,4078.00,2039.00,6117.00,2039,4078,0.00,0.00,0,0
1567117544,lo,0.00,0.00,0.00,0,0,0.00,0.00,0.00,0,0,0.00,0.00,0,0
1567117544,s4,0.00,0.00,0.00,0,0,0.00,0.00,0.00,0,0,0.00,0.00,0,0
1567117544,s3-eth2,150960.00,6172578.00,6323538.00,6172578,150960,2040.00,4077.00,6117.00,4077,2040,0.00,0.00,0,0
1567117544,s3-eth1,6177120.00,150886.00,6328006.00,150886,6177120,4080.00,2039.00,6119.00,2039,4080,0.00,0.00,0,0
1567117544,total,18976522.00,18976448.00,37952968.00,18976448,18976522,18353.00,18352.00,36705.00,18352,18353,0.00,0.00,0,0
1567117545,s5,0.00,0.00,0.00,0,0,0.00,0.00,0.00,0,0,0.00,0.00,0,0
1567117545,s1,0.00,0.00,0.00,0,0,0.00,0.00,0.00,0,0,0.00,0.00,0,0
1567117545,eth0,0.00,0.00,0.00,0,0,0.00,0.00,0.00,0,0,0.00,0.00,0,0
1567117545,eth1,0.00,0.00,0.00,0,0,0.00,0.00,0.00,0,0,0.00,0.00,0,0
1567117545,s2,0.00,0.00,0.00,0,0,0.00,0.00,0.00,0,0,0.00,0.00,0,0
1567117545,s1-eth2,149702.00,6130186.00,6279888.00,6130186,149702,2023.00,4049.00,6072.00,4049,2023,0.00,0.00,0,0
1567117545,s1-eth1,6130186.00,149776.00,6279962.00,149776,6130186,4049.00,2024.00,6073.00,2024,4049,0.00,0.00,0,0
1567117545,s3,0.00,0.00,0.00,0,0,0.00,0.00,0.00,0,0,0.00,0.00,0,0
1567117545,s2-eth2,149776.00,6119588.00,6269364.00,6119588,149776,2024.00,4042.00,6066.00,4042,2024,0.00,0.00,0,0
1567117545,s2-eth1,6124062.00,149552.45,6273614.50,149702,6130186,4044.96,2020.98,6065.93,2023,4049,0.00,0.00,0,0
1567117545,lo,515.48,515.48,1030.97,516,516,8.99,8.99,17.98,9,9,0.00,0.00,0,0
1567117545,s4,0.00,0.00,0.00,0,0,0.00,0.00,0.00,0,0,0.00,0.00,0,0
1567117545,s3-eth2,149552.45,6095325.00,6244877.50,6101420,149702,2020.98,4025.97,6046.95,4030,2023,0.00,0.00,0,0
1567117545,s3-eth1,6113474.50,149626.38,6263101.00,149776,6119588,4037.96,2021.98,6059.94,2024,4042,0.00,0.00,0,0
1567117545,total,18810846.00,18782182.00,37593028.00,18800964,18829656,18200.80,18182.82,36383.62,18201,18219,0.00,0.00,0,0
1567117546,s5,0.00,0.00,0.00,0,0,0.00,0.00,0.00,0,0,0.00,0.00,0,0
1567117546,s1,0.00,0.00,0.00,0,0,0.00,0.00,0.00,0,0,0.00,0.00,0,0
1567117546,eth0,0.00,0.00,0.00,0,0,0.00,0.00,0.00,0,0,0.00,0.00,0,0
1567117546,eth1,0.00,0.00,0.00,0,0,0.00,0.00,0.00,0,0,0.00,0.00,0,0
1567117546,s2,0.00,0.00,0.00,0,0,0.00,0.00,0.00,0,0,0.00,0.00,0,0
1567117546,s1-eth2,128631.38,5258919.00,5387550.50,5264178,128760,1738.26,3473.53,5211.79,3477,1740,0.00,0.00,0,0
1567117546,s1-eth1,5260431.50,128557.45,5388989.00,128686,5265692,3474.53,1737.26,5211.79,1739,3478,0.00,0.00,0,0
1567117546,s3,0.00,0.00,0.00,0,0,0.00,0.00,0.00,0,0,0.00,0.00,0,0
1567117546,s2-eth2,128557.45,5251357.00,5379914.00,5256608,128686,1737.26,3468.53,5205.79,3472,1739,0.00,0.00,0,0
1567117546,s2-eth1,5264178.00,128760.00,5392938.00,128760,5264178,3477.00,1740.00,5217.00,1740,3477,0.00,0.00,0,0
1567117546,lo,0.00,0.00,0.00,0,0,0.00,0.00,0.00,0,0,0.00,0.00,0,0
1567117546,s4,0.00,0.00,0.00,0,0,0.00,0.00,0.00,0,0,0.00,0.00,0,0
1567117546,s3-eth2,128686.00,5274776.00,5403462.00,5274776,128686,1739.00,3484.00,5223.00,3484,1739,0.00,0.00,0,0
1567117546,s3-eth1,5256608.00,128686.00,5385294.00,128686,5256608,3472.00,1739.00,5211.00,1739,3472,0.00,0.00,0,0
1567117546,total,16172610.00,16181694.00,32354304.00,16181694,16172610,15645.00,15651.00,31296.00,15651,15645,0.00,0.00,0,0
1567117547,s5,0.00,0.00,0.00,0,0,0.00,0.00,0.00,0,0,0.00,0.00,0,0
1567117547,s1,0.00,0.00,0.00,0,0,0.00,0.00,0.00,0,0,0.00,0.00,0,0
1567117547,eth0,0.00,0.00,0.00,0,0,0.00,0.00,0.00,0,0,0.00,0.00,0,0
1567117547,eth1,0.00,0.00,0.00,0,0,0.00,0.00,0.00,0,0,0.00,0.00,0,0
1567117547,s2,0.00,0.00,0.00,0,0,0.00,0.00,0.00,0,0,0.00,0.00,0,0
1567117547,s1-eth2,151774.00,6210428.00,6362202.00,6210428,151774,2051.00,4102.00,6153.00,4102,2051,0.00,0.00,0,0
1567117547,s1-eth1,6210428.00,151774.00,6362202.00,151774,6210428,4102.00,2051.00,6153.00,2051,4102,0.00,0.00,0,0
1567117547,s3,0.00,0.00,0.00,0,0,0.00,0.00,0.00,0,0,0.00,0.00,0,0
1567117547,s2-eth2,151774.00,6210428.00,6362202.00,6210428,151774,2051.00,4102.00,6153.00,4102,2051,0.00,0.00,0,0
1567117547,s2-eth1,6210428.00,151774.00,6362202.00,151774,6210428,4102.00,2051.00,6153.00,2051,4102,0.00,0.00,0,0
1567117547,lo,344.00,344.00,688.00,344,344,6.00,6.00,12.00,6,6,0.00,0.00,0,0
1567117547,s4,0.00,0.00,0.00,0,0,0.00,0.00,0.00,0,0,0.00,0.00,0,0
1567117547,s3-eth2,151774.00,6211942.00,6363716.00,6211942,151774,2051.00,4103.00,6154.00,4103,2051,0.00,0.00,0,0
1567117547,s3-eth1,6210428.00,151774.00,6362202.00,151774,6210428,4102.00,2051.00,6153.00,2051,4102,0.00,0.00,0,0
1567117547,total,19086950.00,19088464.00,38175416.00,19088464,19086950,18465.00,18466.00,36931.00,18466,18465,0.00,0.00,0,0
1567117548,s5,0.00,0.00,0.00,0,0,0.00,0.00,0.00,0,0,0.00,0.00,0,0
1567117548,s1,0.00,452.00,452.00,452,0,0.00,2.00,2.00,2,0,0.00,0.00,0,0
1567117548,eth0,540.00,758.00,1298.00,758,540,7.00,7.00,14.00,7,7,0.00,0.00,0,0
1567117548,eth1,0.00,0.00,0.00,0,0,0.00,0.00,0.00,0,0,0.00,0.00,0,0
1567117548,s2,0.00,0.00,0.00,0,0,0.00,0.00,0.00,0,0,0.00,0.00,0,0
1567117548,s1-eth2,137640.00,5637074.00,5774714.00,5637074,137640,1860.00,3725.00,5585.00,3725,1860,0.00,0.00,0,0
1567117548,s1-eth1,5634576.00,137714.00,5772290.00,137714,5634576,3726.00,1861.00,5587.00,1861,3726,0.00,0.00,0,0
1567117548,s3,0.00,0.00,0.00,0,0,0.00,0.00,0.00,0,0,0.00,0.00,0,0
1567117548,s2-eth2,137788.00,5647220.00,5785008.00,5647220,137788,1862.00,3730.00,5592.00,3730,1862,0.00,0.00,0,0
1567117548,s2-eth1,5637074.00,137640.00,5774714.00,137640,5637074,3725.00,1860.00,5585.00,1860,3725,0.00,0.00,0,0
1567117548,lo,1316.00,1316.00,2632.00,1316,1316,14.00,14.00,28.00,14,14,0.00,0.00,0,0
1567117548,s4,0.00,0.00,0.00,0,0,0.00,0.00,0.00,0,0,0.00,0.00,0,0
1567117548,s3-eth2,137788.00,5657818.00,5795606.00,5657818,137788,1862.00,3737.00,5599.00,3737,1862,0.00,0.00,0,0
1567117548,s3-eth1,5647220.00,137788.00,5785008.00,137788,5647220,3730.00,1862.00,5592.00,1862,3730,0.00,0.00,0,0
1567117548,total,17333942.00,17357780.00,34691720.00,17357780,17333942,16786.00,16798.00,33584.00,16798,16786,0.00,0.00,0,0
1567117549,s5,0.00,0.00,0.00,0,0,0.00,0.00,0.00,0,0,0.00,0.00,0,0
1567117549,s1,0.00,750.00,750.00,750,0,0.00,5.00,5.00,5,0,0.00,0.00,0,0
1567117549,eth0,1064.00,1715.00,2779.00,1715,1064,14.00,14.00,28.00,14,14,0.00,0.00,0,0
1567117549,eth1,0.00,0.00,0.00,0,0,0.00,0.00,0.00,0,0,0.00,0.00,0,0
1567117549,s2,0.00,1124.00,1124.00,1124,0,0.00,6.00,6.00,6,0,0.00,0.00,0,0
1567117549,s1-eth2,126880.00,5166518.00,5293398.00,5166518,126880,1710.00,3417.00,5127.00,3417,1710,0.00,0.00,0,0
1567117549,s1-eth1,5170545.00,126318.00,5296863.00,126318,5170545,3426.00,1707.00,5133.00,1707,3426,0.00,0.00,0,0
1567117549,s3,0.00,1014.00,1014.00,1014,0,0.00,5.00,5.00,5,0,0.00,0.00,0,0
1567117549,s2-eth2,127258.00,5155732.00,5282990.00,5155732,127258,1711.00,3408.00,5119.00,3408,1711,0.00,0.00,0,0
1567117549,s2-eth1,5166518.00,126880.00,5293398.00,126880,5166518,3417.00,1710.00,5127.00,1710,3417,0.00,0.00,0,0
1567117549,lo,7373.00,7373.00,14746.00,7373,7373,76.00,76.00,152.00,76,76,0.00,0.00,0,0
1567117549,s4,0.00,0.00,0.00,0,0,0.00,0.00,0.00,0,0,0.00,0.00,0,0
1567117549,s3-eth2,127788.00,5174852.00,5302640.00,5174852,127788,1714.00,3418.00,5132.00,3418,1714,0.00,0.00,0,0
1567117549,s3-eth1,5155732.00,127258.00,5282990.00,127258,5155732,3408.00,1711.00,5119.00,1711,3408,0.00,0.00,0,0
1567117549,total,15883158.00,15889534.00,31772692.00,15889534,15883158,15476.00,15477.00,30953.00,15477,15476,0.00,0.00,0,0
1567117550,s5,0.00,0.00,0.00,0,0,0.00,0.00,0.00,0,0,0.00,0.00,0,0
1567117550,s1,0.00,1857.00,1857.00,1857,0,0.00,11.00,11.00,11,0,0.00,0.00,0,0
1567117550,eth0,304.00,490.00,794.00,490,304,4.00,4.00,8.00,4,4,0.00,0.00,0,0
1567117550,eth1,0.00,0.00,0.00,0,0,0.00,0.00,0.00,0,0,0.00,0.00,0,0
1567117550,s2,0.00,156.00,156.00,156,0,0.00,2.00,2.00,2,0,0.00,0.00,0,0
1567117550,s1-eth2,149336.00,6109333.00,6258669.00,6109333,149336,2018.00,4045.00,6063.00,4045,2018,0.00,0.00,0,0
1567117550,s1-eth1,6110657.00,149258.00,6259915.00,149258,6110657,4051.00,2017.00,6068.00,2017,4051,0.00,0.00,0,0
1567117550,s3,0.00,266.00,266.00,266,0,0.00,3.00,3.00,3,0,0.00,0.00,0,0
1567117550,s2-eth2,149450.00,6118152.00,6267602.00,6118152,149450,2019.00,4042.00,6061.00,4042,2019,0.00,0.00,0,0
1567117550,s2-eth1,6109333.00,149336.00,6258669.00,149336,6109333,4045.00,2018.00,6063.00,2018,4045,0.00,0.00,0,0
1567117550,lo,5367.00,5367.00,10734.00,5367,5367,55.00,55.00,110.00,55,55,0.00,0.00,0,0
1567117550,s4,0.00,0.00,0.00,0,0,0.00,0.00,0.00,0,0,0.00,0.00,0,0
1567117550,s3-eth2,149991.00,6112018.00,6262009.00,6112018,149991,2025.00,4037.00,6062.00,4037,2025,0.00,0.00,0,0
1567117550,s3-eth1,6118152.00,149450.00,6267602.00,149450,6118152,4042.00,2019.00,6061.00,2019,4042,0.00,0.00,0,0
1567117550,total,18792590.00,18795684.00,37588272.00,18795683,18792590,18259.00,18253.00,36512.00,18253,18259,0.00,0.00,0,0
1567117551,s5,0.00,0.00,0.00,0,0,0.00,0.00,0.00,0,0,0.00,0.00,0,0
1567117551,s1,0.00,2739.26,2739.26,2742,0,0.00,13.99,13.99,14,0,0.00,0.00,0,0
1567117551,eth0,455.54,734.27,1189.81,735,456,5.99,5.99,11.99,6,6,0.00,0.00,0,0
1567117551,eth1,0.00,0.00,0.00,0,0,0.00,0.00,0.00,0,0,0.00,0.00,0,0
1567117551,s2,0.00,4207.79,4207.79,4212,0,0.00,21.98,21.98,22,0,0.00,0.00,0,0
1567117551,s1-eth2,150547.45,6072352.00,6222899.50,6078424,150698,2016.98,4022.98,6039.96,4027,2019,0.00,0.00,0,0
1567117551,s1-eth1,6070182.00,148443.56,6218625.50,148592,6076252,4023.98,2005.99,6029.97,2008,4028,0.00,0.00,0,0
1567117551,s3,0.00,3119.88,3119.88,3123,0,0.00,17.98,17.98,18,0,0.00,0.00,0,0
1567117551,s2-eth2,151637.36,6064154.00,6215791.50,6070218,151789,2024.98,4014.99,6039.96,4019,2027,0.00,0.00,0,0
1567117551,s2-eth1,6072352.00,150547.45,6222899.50,150698,6078424,4022.98,2016.98,6039.96,2019,4027,0.00,0.00,0,0
1567117551,lo,16844.16,16844.16,33688.31,16861,16861,159.84,159.84,319.68,160,160,0.00,0.00,0,0
1567117551,s4,0.00,0.00,0.00,0,0,0.00,0.00,0.00,0,0,0.00,0.00,0,0
1567117551,s3-eth2,153759.25,6066587.50,6220347.00,6072654,153913,2032.97,4006.99,6039.96,4011,2035,0.00,0.00,0,0
1567117551,s3-eth1,6064154.00,151637.36,6215791.50,151789,6070218,4014.99,2024.98,6039.96,2027,4019,0.00,0.00,0,0
1567117551,total,18679932.00,18681368.00,37361300.00,18700048,18698611,18302.70,18312.69,36615.39,18331,18321,0.00,0.00,0,0
1567117552,s5,0.00,0.00,0.00,0,0,0.00,0.00,0.00,0,0,0.00,0.00,0,0
1567117552,s1,0.00,1290.00,1290.00,1290,0,0.00,5.00,5.00,5,0,0.00,0.00,0,0
1567117552,eth0,517.00,630.00,1147.00,630,517,7.00,8.00,15.00,8,7,0.00,0.00,0,0
1567117552,eth1,0.00,0.00,0.00,0,0,0.00,0.00,0.00,0,0,0.00,0.00,0,0
1567117552,s2,0.00,1272.00,1272.00,1272,0,0.00,6.00,6.00,6,0,0.00,0.00,0,0
1567117552,s1-eth2,148784.00,6067888.00,6216672.00,6067888,148784,2005.00,4012.00,6017.00,4012,2005,0.00,0.00,0,0
1567117552,s1-eth1,6069509.00,148148.00,6217657.00,148148,6069509,4014.00,2002.00,6016.00,2002,4014,0.00,0.00,0,0
1567117552,s3,0.00,2361.00,2361.00,2361,0,0.00,10.00,10.00,10,0,0.00,0.00,0,0
1567117552,s2-eth2,150435.00,6064206.00,6214641.00,6064206,150435,2011.00,4008.00,6019.00,4008,2011,0.00,0.00,0,0
1567117552,s2-eth1,6067888.00,148784.00,6216672.00,148784,6067888,4012.00,2005.00,6017.00,2005,4012,0.00,0.00,0,0
1567117552,lo,7388.00,7388.00,14776.00,7388,7388,73.00,73.00,146.00,73,73,0.00,0.00,0,0
1567117552,s4,0.00,0.00,0.00,0,0,0.00,0.00,0.00,0,0,0.00,0.00,0,0
1567117552,s3-eth2,151023.00,6063570.00,6214593.00,6063570,151023,2014.00,4005.00,6019.00,4005,2014,0.00,0.00,0,0
1567117552,s3-eth1,6064206.00,150435.00,6214641.00,150435,6064206,4008.00,2011.00,6019.00,2011,4008,0.00,0.00,0,0
1567117552,total,18659750.00,18655972.00,37315720.00,18655972,18659750,18144.00,18145.00,36289.00,18145,18144,0.00,0.00,0,0
1567117553,s5,0.00,0.00,0.00,0,0,0.00,0.00,0.00,0,0,0.00,0.00,0,0
1567117553,s1,0.00,701.00,701.00,701,0,0.00,3.00,3.00,3,0,0.00,0.00,0,0
1567117553,eth0,0.00,0.00,0.00,0,0,0.00,0.00,0.00,0,0,0.00,0.00,0,0
1567117553,eth1,0.00,0.00,0.00,0,0,0.00,0.00,0.00,0,0,0.00,0.00,0,0
1567117553,s2,0.00,654.00,654.00,654,0,0.00,2.00,2.00,2,0,0.00,0.00,0,0
1567117553,s1-eth2,151107.00,6167265.00,6318372.00,6167265,151107,2039.00,4077.00,6116.00,4077,2039,0.00,0.00,0,0
1567117553,s1-eth1,6170957.00,150780.00,6321737.00,150780,6170957,4082.00,2038.00,6120.00,2038,4082,0.00,0.00,0,0
1567117553,s3,0.00,654.00,654.00,654,0,0.00,2.00,2.00,2,0,0.00,0.00,0,0
1567117553,s2-eth2,151434.00,6169919.00,6321353.00,6169919,151434,2040.00,4077.00,6117.00,4077,2040,0.00,0.00,0,0
1567117553,s2-eth1,6167265.00,151107.00,6318372.00,151107,6167265,4077.00,2039.00,6116.00,2039,4077,0.00,0.00,0,0
1567117553,lo,3149.00,3149.00,6298.00,3149,3149,30.00,30.00,60.00,30,30,0.00,0.00,0,0
1567117553,s4,0.00,0.00,0.00,0,0,0.00,0.00,0.00,0,0,0.00,0.00,0,0
1567117553,s3-eth2,151541.00,6169592.00,6321133.00,6169592,151541,2041.00,4076.00,6117.00,4076,2041,0.00,0.00,0,0
1567117553,s3-eth1,6169919.00,151434.00,6321353.00,151434,6169919,4077.00,2040.00,6117.00,2040,4077,0.00,0.00,0,0
1567117553,total,18965372.00,18965256.00,37930628.00,18965255,18965372,18386.00,18384.00,36770.00,18384,18386,0.00,0.00,0,0
1567117554,s5,0.00,0.00,0.00,0,0,0.00,0.00,0.00,0,0,0.00,0.00,0,0
1567117554,s1,0.00,1113.00,1113.00,1113,0,0.00,5.00,5.00,5,0,0.00,0.00,0,0
1567117554,eth0,0.00,0.00,0.00,0,0,0.00,0.00,0.00,0,0,0.00,0.00,0,0
1567117554,eth1,0.00,0.00,0.00,0,0,0.00,0.00,0.00,0,0,0.00,0.00,0,0
1567117554,s2,0.00,748.00,748.00,748,0,0.00,4.00,4.00,4,0,0.00,0.00,0,0
1567117554,s1-eth2,149854.00,6120701.00,6270555.00,6120701,149854,2022.00,4047.00,6069.00,4047,2022,0.00,0.00,0,0
1567117554,s1-eth1,6117673.00,149480.00,6267153.00,149480,6117673,4045.00,2020.00,6065.00,2020,4045,0.00,0.00,0,0
1567117554,s3,0.00,748.00,748.00,748,0,0.00,4.00,4.00,4,0,0.00,0.00,0,0
1567117554,s2-eth2,150302.00,6116934.00,6267236.00,6116934,150302,2025.00,4042.00,6067.00,4042,2025,0.00,0.00,0,0
1567117554,s2-eth1,6120701.00,149854.00,6270555.00,149854,6120701,4047.00,2022.00,6069.00,2022,4047,0.00,0.00,0,0
1567117554,lo,4075.00,4075.00,8150.00,4075,4075,39.00,39.00,78.00,39,39,0.00,0.00,0,0
1567117554,s4,0.00,0.00,0.00,0,0,0.00,0.00,0.00,0,0,0.00,0.00,0,0
1567117554,s3-eth2,150565.00,6118074.00,6268639.00,6118074,150565,2026.00,4041.00,6067.00,4041,2026,0.00,0.00,0,0
1567117554,s3-eth1,6116934.00,150302.00,6267236.00,150302,6116934,4042.00,2025.00,6067.00,2025,4042,0.00,0.00,0,0
1567117554,total,18810104.00,18812028.00,37622132.00,18812029,18810104,18246.00,18249.00,36495.00,18249,18246,0.00,0.00,0,0
1567117555,s5,0.00,0.00,0.00,0,0,0.00,0.00,0.00,0,0,0.00,0.00,0,0
1567117555,s1,0.00,397.00,397.00,397,0,0.00,2.00,2.00,2,0,0.00,0.00,0,0
1567117555,eth0,0.00,0.00,0.00,0,0,0.00,0.00,0.00,0,0,0.00,0.00,0,0
1567117555,eth1,0.00,0.00,0.00,0,0,0.00,0.00,0.00,0,0,0.00,0.00,0,0
1567117555,s2,0.00,794.00,794.00,794,0,0.00,4.00,4.00,4,0,0.00,0.00,0,0
1567117555,s1-eth2,152023.00,6204769.00,6356792.00,6204769,152023,2051.00,4100.00,6151.00,4100,2051,0.00,0.00,0,0
1567117555,s1-eth1,6204769.00,151626.00,6356395.00,151626,6204769,4100.00,2049.00,6149.00,2049,4100,0.00,0.00,0,0
1567117555,s3,0.00,794.00,794.00,794,0,0.00,4.00,4.00,4,0,0.00,0.00,0,0
1567117555,s2-eth2,152420.00,6203255.00,6355675.00,6203255,152420,2053.00,4099.00,6152.00,4099,2053,0.00,0.00,0,0
1567117555,s2-eth1,6204769.00,152023.00,6356792.00,152023,6204769,4100.00,2051.00,6151.00,2051,4100,0.00,0.00,0,0
1567117555,lo,2970.00,2970.00,5940.00,2970,2970,30.00,30.00,60.00,30,30,0.00,0.00,0,0
1567117555,s4,0.00,0.00,0.00,0,0,0.00,0.00,0.00,0,0,0.00,0.00,0,0
1567117555,s3-eth2,152747.00,6204372.00,6357119.00,6204372,152747,2054.00,4098.00,6152.00,4098,2054,0.00,0.00,0,0
1567117555,s3-eth1,6203255.00,152420.00,6355675.00,152420,6203255,4099.00,2053.00,6152.00,2053,4099,0.00,0.00,0,0
1567117555,total,19072952.00,19073420.00,38146372.00,19073420,19072953,18487.00,18490.00,36977.00,18490,18487,0.00,0.00,0,0
1567117556,s5,0.00,0.00,0.00,0,0,0.00,0.00,0.00,0,0,0.00,0.00,0,0
1567117556,s1,0.00,0.00,0.00,0,0,0.00,0.00,0.00,0,0,0.00,0.00,0,0
1567117556,eth0,0.00,0.00,0.00,0,0,0.00,0.00,0.00,0,0,0.00,0.00,0,0
1567117556,eth1,0.00,0.00,0.00,0,0,0.00,0.00,0.00,0,0,0.00,0.00,0,0
1567117556,s2,0.00,342.00,342.00,342,0,0.00,1.00,1.00,1,0,0.00,0.00,0,0
1567117556,s1-eth2,152264.00,6213456.00,6365720.00,6213456,152264,2054.00,4104.00,6158.00,4104,2054,0.00,0.00,0,0
1567117556,s1-eth1,6216591.00,151922.00,6368513.00,151922,6216591,4107.00,2053.00,6160.00,2053,4107,0.00,0.00,0,0
1567117556,s3,0.00,684.00,684.00,684,0,0.00,2.00,2.00,2,0,0.00,0.00,0,0
1567117556,s2-eth2,152532.00,6216484.00,6369016.00,6216484,152532,2054.00,4106.00,6160.00,4106,2054,0.00,0.00,0,0
1567117556,s2-eth1,6213456.00,152264.00,6365720.00,152264,6213456,4104.00,2054.00,6158.00,2054,4104,0.00,0.00,0,0
1567117556,lo,978.00,978.00,1956.00,978,978,9.00,9.00,18.00,9,9,0.00,0.00,0,0
1567117556,s4,0.00,0.00,0.00,0,0,0.00,0.00,0.00,0,0,0.00,0.00,0,0
1567117556,s3-eth2,152606.00,6216484.00,6369090.00,6216484,152606,2055.00,4106.00,6161.00,4106,2055,0.00,0.00,0,0
1567117556,s3-eth1,6216484.00,152532.00,6369016.00,152532,6216484,4106.00,2054.00,6160.00,2054,4106,0.00,0.00,0,0
1567117556,total,19104912.00,19105146.00,38210056.00,19105146,19104911,18489.00,18489.00,36978.00,18489,18489,0.00,0.00,0,0
1567117557,s5,0.00,0.00,0.00,0,0,0.00,0.00,0.00,0,0,0.00,0.00,0,0
1567117557,s1,0.00,791.00,791.00,791,0,0.00,3.00,3.00,3,0,0.00,0.00,0,0
1567117557,eth0,0.00,0.00,0.00,0,0,0.00,0.00,0.00,0,0,0.00,0.00,0,0
1567117557,eth1,0.00,0.00,0.00,0,0,0.00,0.00,0.00,0,0,0.00,0.00,0,0
1567117557,s2,0.00,342.00,342.00,342,0,0.00,1.00,1.00,1,0,0.00,0.00,0,0
1567117557,s1-eth2,151774.00,6211219.00,6362993.00,6211219,151774,2051.00,4105.00,6156.00,4105,2051,0.00,0.00,0,0
1567117557,s1-eth1,6211289.00,151774.00,6363063.00,151774,6211289,4106.00,2051.00,6157.00,2051,4106,0.00,0.00,0,0
1567117557,s3,0.00,0.00,0.00,0,0,0.00,0.00,0.00,0,0,0.00,0.00,0,0
1567117557,s2-eth2,151774.00,6212284.00,6364058.00,6212284,151774,2051.00,4104.00,6155.00,4104,2051,0.00,0.00,0,0
1567117557,s2-eth1,6211219.00,151774.00,6362993.00,151774,6211219,4105.00,2051.00,6156.00,2051,4105,0.00,0.00,0,0
1567117557,lo,1627.00,1627.00,3254.00,1627,1627,18.00,18.00,36.00,18,18,0.00,0.00,0,0
1567117557,s4,0.00,0.00,0.00,0,0,0.00,0.00,0.00,0,0,0.00,0.00,0,0
1567117557,s3-eth2,152223.00,6213456.00,6365679.00,6213456,152223,2053.00,4104.00,6157.00,4104,2053,0.00,0.00,0,0
1567117557,s3-eth1,6212284.00,151774.00,6364058.00,151774,6212284,4104.00,2051.00,6155.00,2051,4104,0.00,0.00,0,0
1567117557,total,19092190.00,19095040.00,38187232.00,19095041,19092190,18488.00,18488.00,36976.00,18488,18488,0.00,0.00,0,0
1567117558,s5,0.00,0.00,0.00,0,0,0.00,0.00,0.00,0,0,0.00,0.00,0,0
1567117558,s1,0.00,177.00,177.00,177,0,0.00,2.00,2.00,2,0,0.00,0.00,0,0
1567117558,eth0,0.00,0.00,0.00,0,0,0.00,0.00,0.00,0,0,0.00,0.00,0,0
1567117558,eth1,0.00,0.00,0.00,0,0,0.00,0.00,0.00,0,0,0.00,0.00,0,0
1567117558,s2,0.00,214.00,214.00,214,0,0.00,2.00,2.00,2,0,0.00,0.00,0,0
1567117558,s1-eth2,151955.00,6215147.00,6367102.00,6215147,151955,2053.00,4107.00,6160.00,4107,2053,0.00,0.00,0,0
1567117558,s1-eth1,6213975.00,151848.00,6365823.00,151848,6213975,4107.00,2052.00,6159.00,2052,4107,0.00,0.00,0,0
1567117558,s3,0.00,214.00,214.00,214,0,0.00,2.00,2.00,2,0,0.00,0.00,0,0
1567117558,s2-eth2,152062.00,6215077.00,6367139.00,6215077,152062,2054.00,4106.00,6160.00,4106,2054,0.00,0.00,0,0
1567117558,s2-eth1,6215147.00,151955.00,6367102.00,151955,6215147,4107.00,2053.00,6160.00,2053,4107,0.00,0.00,0,0
1567117558,lo,1793.00,1793.00,3586.00,1793,1793,18.00,18.00,36.00,18,18,0.00,0.00,0,0
1567117558,s4,0.00,0.00,0.00,0,0,0.00,0.00,0.00,0,0,0.00,0.00,0,0
1567117558,s3-eth2,152132.00,6214970.00,6367102.00,6214970,152132,2055.00,4105.00,6160.00,4105,2055,0.00,0.00,0,0
1567117558,s3-eth1,6215077.00,152062.00,6367139.00,152062,6215077,4106.00,2054.00,6160.00,2054,4106,0.00,0.00,0,0
1567117558,total,19102140.00,19103456.00,38205600.00,19103457,19102141,18500.00,18501.00,37001.00,18501,18500,0.00,0.00,0,0
1567117559,s5,0.00,0.00,0.00,0,0,0.00,0.00,0.00,0,0,0.00,0.00,0,0
1567117559,s1,0.00,70.00,70.00,70,0,0.00,1.00,1.00,1,0,0.00,0.00,0,0
1567117559,eth0,0.00,0.00,0.00,0,0,0.00,0.00,0.00,0,0,0.00,0.00,0,0
1567117559,eth1,0.00,0.00,0.00,0,0,0.00,0.00,0.00,0,0,0.00,0.00,0,0
1567117559,s2,0.00,140.00,140.00,140,0,0.00,2.00,2.00,2,0,0.00,0.00,0,0
1567117559,s1-eth2,151992.00,6216554.00,6368546.00,6216554,151992,2054.00,4107.00,6161.00,4107,2054,0.00,0.00,0,0
1567117559,s1-eth1,6216554.00,151922.00,6368476.00,151922,6216554,4107.00,2053.00,6160.00,2053,4107,0.00,0.00,0,0
1567117559,s3,0.00,140.00,140.00,140,0,0.00,2.00,2.00,2,0,0.00,0.00,0,0
1567117559,s2-eth2,152062.00,6216554.00,6368616.00,6216554,152062,2055.00,4107.00,6162.00,4107,2055,0.00,0.00,0,0
1567117559,s2-eth1,6216554.00,151992.00,6368546.00,151992,6216554,4107.00,2054.00,6161.00,2054,4107,0.00,0.00,0,0
1567117559,lo,1340.00,1340.00,2680.00,1340,1340,15.00,15.00,30.00,15,15,0.00,0.00,0,0
1567117559,s4,0.00,0.00,0.00,0,0,0.00,0.00,0.00,0,0,0.00,0.00,0,0
1567117559,s3-eth2,152062.00,6217998.00,6370060.00,6217998,152062,2055.00,4107.00,6162.00,4107,2055,0.00,0.00,0,0
1567117559,s3-eth1,6216554.00,152062.00,6368616.00,152062,6216554,4107.00,2055.00,6162.00,2055,4107,0.00,0.00,0,0
1567117559,total,19107118.00,19108772.00,38215888.00,19108772,19107118,18500.00,18503.00,37003.00,18503,18500,0.00,0.00,0,0
1567117560,s5,0.00,0.00,0.00,0,0,0.00,0.00,0.00,0,0,0.00,0.00,0,0
1567117560,s1,0.00,0.00,0.00,0,0,0.00,0.00,0.00,0,0,0.00,0.00,0,0
1567117560,eth0,0.00,0.00,0.00,0,0,0.00,0.00,0.00,0,0,0.00,0.00,0,0
1567117560,eth1,0.00,0.00,0.00,0,0,0.00,0.00,0.00,0,0,0.00,0.00,0,0
1567117560,s2,0.00,0.00,0.00,0,0,0.00,0.00,0.00,0,0,0.00,0.00,0,0
1567117560,s1-eth2,152144.00,6224054.00,6376198.00,6224054,152144,2056.00,4111.00,6167.00,4111,2056,0.00,0.00,0,0
1567117560,s1-eth1,6222540.00,152070.00,6374610.00,152070,6222540,4110.00,2055.00,6165.00,2055,4110,0.00,0.00,0,0
1567117560,s3,0.00,0.00,0.00,0,0,0.00,0.00,0.00,0,0,0.00,0.00,0,0
1567117560,s2-eth2,152144.00,6224054.00,6376198.00,6224054,152144,2056.00,4111.00,6167.00,4111,2056,0.00,0.00,0,0
1567117560,s2-eth1,6224054.00,152144.00,6376198.00,152144,6224054,4111.00,2056.00,6167.00,2056,4111,0.00,0.00,0,0
1567117560,lo,0.00,0.00,0.00,0,0,0.00,0.00,0.00,0,0,0.00,0.00,0,0
1567117560,s4,0.00,0.00,0.00,0,0,0.00,0.00,0.00,0,0,0.00,0.00,0,0
1567117560,s3-eth2,152070.00,6222540.00,6374610.00,6222540,152070,2055.00,4110.00,6165.00,4110,2055,0.00,0.00,0,0
1567117560,s3-eth1,6224054.00,152144.00,6376198.00,152144,6224054,4111.00,2056.00,6167.00,2056,4111,0.00,0.00,0,0
1567117560,total,19127006.00,19127006.00,38254012.00,19127006,19127006,18499.00,18499.00,36998.00,18499,18499,0.00,0.00,0,0
1567117561,s5,0.00,0.00,0.00,0,0,0.00,0.00,0.00,0,0,0.00,0.00,0,0
1567117561,s1,0.00,0.00,0.00,0,0,0.00,0.00,0.00,0,0,0.00,0.00,0,0
1567117561,eth0,0.00,0.00,0.00,0,0,0.00,0.00,0.00,0,0,0.00,0.00,0,0
1567117561,eth1,0.00,0.00,0.00,0,0,0.00,0.00,0.00,0,0,0.00,0.00,0,0
1567117561,s2,0.00,0.00,0.00,0,0,0.00,0.00,0.00,0,0,0.00,0.00,0,0
1567117561,s1-eth2,152662.00,6248278.00,6400940.00,6248278,152662,2063.00,4127.00,6190.00,4127,2063,0.00,0.00,0,0
1567117561,s1-eth1,6248278.00,152736.00,6401014.00,152736,6248278,4127.00,2064.00,6191.00,2064,4127,0.00,0.00,0,0
1567117561,s3,0.00,0.00,0.00,0,0,0.00,0.00,0.00,0,0,0.00,0.00,0,0
1567117561,s2-eth2,152662.00,6248278.00,6400940.00,6248278,152662,2063.00,4127.00,6190.00,4127,2063,0.00,0.00,0,0
1567117561,s2-eth1,6248278.00,152662.00,6400940.00,152662,6248278,4127.00,2063.00,6190.00,2063,4127,0.00,0.00,0,0
1567117561,lo,0.00,0.00,0.00,0,0,0.00,0.00,0.00,0,0,0.00,0.00,0,0
1567117561,s4,0.00,0.00,0.00,0,0,0.00,0.00,0.00,0,0,0.00,0.00,0,0
1567117561,s3-eth2,152662.00,6248278.00,6400940.00,6248278,152662,2063.00,4127.00,6190.00,4127,2063,0.00,0.00,0,0
1567117561,s3-eth1,6248278.00,152662.00,6400940.00,152662,6248278,4127.00,2063.00,6190.00,2063,4127,0.00,0.00,0,0
1567117561,total,19202820.00,19202894.00,38405712.00,19202894,19202820,18570.00,18571.00,37141.00,18571,18570,0.00,0.00,0,0
1567117562,s5,0.00,0.00,0.00,0,0,0.00,0.00,0.00,0,0,0.00,0.00,0,0
1567117562,s1,0.00,0.00,0.00,0,0,0.00,0.00,0.00,0,0,0.00,0.00,0,0
1567117562,eth0,0.00,0.00,0.00,0,0,0.00,0.00,0.00,0,0,0.00,0.00,0,0
1567117562,eth1,0.00,0.00,0.00,0,0,0.00,0.00,0.00,0,0,0.00,0.00,0,0
1567117562,s2,0.00,0.00,0.00,0,0,0.00,0.00,0.00,0,0,0.00,0.00,0,0
1567117562,s1-eth2,151182.00,6187718.00,6338900.00,6187718,151182,2043.00,4087.00,6130.00,4087,2043,0.00,0.00,0,0
1567117562,s1-eth1,6187718.00,151182.00,6338900.00,151182,6187718,4087.00,2043.00,6130.00,2043,4087,0.00,0.00,0,0
1567117562,s3,0.00,0.00,0.00,0,0,0.00,0.00,0.00,0,0,0.00,0.00,0,0
1567117562,s2-eth2,151182.00,6186204.00,6337386.00,6186204,151182,2043.00,4086.00,6129.00,4086,2043,0.00,0.00,0,0
1567117562,s2-eth1,6187718.00,151182.00,6338900.00,151182,6187718,4087.00,2043.00,6130.00,2043,4087,0.00,0.00,0,0
1567117562,lo,344.00,344.00,688.00,344,344,6.00,6.00,12.00,6,6,0.00,0.00,0,0
1567117562,s4,0.00,0.00,0.00,0,0,0.00,0.00,0.00,0,0,0.00,0.00,0,0
1567117562,s3-eth2,151256.00,6180148.00,6331404.00,6180148,151256,2044.00,4082.00,6126.00,4082,2044,0.00,0.00,0,0
1567117562,s3-eth1,6186204.00,151182.00,6337386.00,151182,6186204,4086.00,2043.00,6129.00,2043,4086,0.00,0.00,0,0
1567117562,total,19015604.00,19007960.00,38023564.00,19007960,19015604,18396.00,18390.00,36786.00,18390,18396,0.00,0.00,0,0
1567117563,s5,0.00,0.00,0.00,0,0,0.00,0.00,0.00,0,0,0.00,0.00,0,0
1567117563,s1,0.00,0.00,0.00,0,0,0.00,0.00,0.00,0,0,0.00,0.00,0,0
1567117563,eth0,0.00,0.00,0.00,0,0,0.00,0.00,0.00,0,0,0.00,0.00,0,0
1567117563,eth1,0.00,0.00,0.00,0,0,0.00,0.00,0.00,0,0,0.00,0.00,0,0
1567117563,s2,0.00,0.00,0.00,0,0,0.00,0.00,0.00,0,0,0.00,0.00,0,0
1567117563,s1-eth2,62986.00,2379098.00,2442084.00,2379098,62986,851.00,1575.00,2426.00,1575,851,0.00,0.00,0,0
1567117563,s1-eth1,2444200.00,61432.00,2505632.00,61432,2444200,1618.00,830.00,2448.00,830,1618,0.00,0.00,0,0
1567117563,s3,0.00,0.00,0.00,0,0,0.00,0.00,0.00,0,0,0.00,0.00,0,0
1567117563,s2-eth2,64540.00,2313996.00,2378536.00,2313996,64540,872.00,1532.00,2404.00,1532,872,0.00,0.00,0,0
1567117563,s2-eth1,2379098.00,62986.00,2442084.00,62986,2379098,1575.00,851.00,2426.00,851,1575,0.00,0.00,0,0
1567117563,lo,344.00,344.00,688.00,344,344,6.00,6.00,12.00,6,6,0.00,0.00,0,0
1567117563,s4,0.00,0.00,0.00,0,0,0.00,0.00,0.00,0,0,0.00,0.00,0,0
1567117563,s3-eth2,66020.00,2203474.00,2269494.00,2203474,66020,892.00,1459.00,2351.00,1459,892,0.00,0.00,0,0
1567117563,s3-eth1,2311684.50,64475.53,2376160.00,64540,2313996,1530.47,871.13,2401.60,872,1532,0.00,0.00,0,0
1567117563,total,7323860.50,7078791.50,14402652.00,7085870,7331184,7338.66,7117.88,14456.54,7125,7346,0.00,0.00,0,0
1567117564,s5,0.00,0.00,0.00,0,0,0.00,0.00,0.00,0,0,0.00,0.00,0,0
1567117564,s1,0.00,341.66,341.66,342,0,0.00,1.00,1.00,1,0,0.00,0.00,0,0
1567117564,eth0,0.00,0.00,0.00,0,0,0.00,0.00,0.00,0,0,0.00,0.00,0,0
1567117564,eth1,0.00,0.00,0.00,0,0,0.00,0.00,0.00,0,0,0.00,0.00,0,0
1567117564,s2,0.00,0.00,0.00,0,0,0.00,0.00,0.00,0,0,0.00,0.00,0,0
1567117564,s1-eth2,0.00,341.66,341.66,342,0,0.00,1.00,1.00,1,0,0.00,0.00,0,0
1567117564,s1-eth1,448.55,0.00,448.55,0,449,2.00,0.00,2.00,0,2,0.00,0.00,0,0
1567117564,s3,0.00,341.66,341.66,342,0,0.00,1.00,1.00,1,0,0.00,0.00,0,0
1567117564,s2-eth2,341.66,0.00,341.66,0,342,1.00,0.00,1.00,0,1,0.00,0.00,0,0
1567117564,s2-eth1,341.66,0.00,341.66,0,342,1.00,0.00,1.00,0,1,0.00,0.00,0,0
1567117564,lo,651.35,651.35,1302.70,652,652,5.99,5.99,11.99,6,6,0.00,0.00,0,0
1567117564,s4,0.00,0.00,0.00,0,0,0.00,0.00,0.00,0,0,0.00,0.00,0,0
1567117564,s3-eth2,341.66,0.00,341.66,0,342,1.00,0.00,1.00,0,1,0.00,0.00,0,0
1567117564,s3-eth1,0.00,341.66,341.66,342,0,0.00,1.00,1.00,1,0,0.00,0.00,0,0
1567117564,total,2127.00,2020.00,4147.00,2020,2127,11.00,10.00,21.00,10,11,0.00,0.00,0,0
1567117565,s5,0.00,0.00,0.00,0,0,0.00,0.00,0.00,0,0,0.00,0.00,0,0
1567117565,s1,0.00,448.55,448.55,449,0,0.00,2.00,2.00,2,0,0.00,0.00,0,0
1567117565,eth0,0.00,0.00,0.00,0,0,0.00,0.00,0.00,0,0,0.00,0.00,0,0
1567117565,eth1,0.00,0.00,0.00,0,0,0.00,0.00,0.00,0,0,0.00,0.00,0,0
1567117565,s2,0.00,684.00,684.00,684,0,0.00,2.00,2.00,2,0,0.00,0.00,0,0
1567117565,s1-eth2,342.00,449.00,791.00,449,342,1.00,2.00,3.00,2,1,0.00,0.00,0,0
1567117565,s1-eth1,449.00,0.00,449.00,0,449,2.00,0.00,2.00,0,2,0.00,0.00,0,0
1567117565,s3,0.00,342.00,342.00,342,0,0.00,1.00,1.00,1,0,0.00,0.00,0,0
1567117565,s2-eth2,342.00,342.00,684.00,342,342,1.00,1.00,2.00,1,1,0.00,0.00,0,0
1567117565,s2-eth1,449.00,342.00,791.00,342,449,2.00,1.00,3.00,1,2,0.00,0.00,0,0
1567117565,lo,1609.00,1609.00,3218.00,1609,1609,15.00,15.00,30.00,15,15,0.00,0.00,0,0
1567117565,s4,0.00,0.00,0.00,0,0,0.00,0.00,0.00,0,0,0.00,0.00,0,0
1567117565,s3-eth2,449.00,0.00,449.00,0,449,2.00,0.00,2.00,0,2,0.00,0.00,0,0
1567117565,s3-eth1,342.00,342.00,684.00,342,342,1.00,1.00,2.00,1,1,0.00,0.00,0,0
1567117565,total,3982.00,4559.00,8541.00,4559,3982,24.00,25.00,49.00,25,24,0.00,0.00,0,0
1567117566,s5,0.00,0.00,0.00,0,0,0.00,0.00,0.00,0,0,0.00,0.00,0,0
1567117566,s1,0.00,106.89,106.89,107,0,0.00,1.00,1.00,1,0,0.00,0.00,0,0
1567117566,eth0,0.00,0.00,0.00,0,0,0.00,0.00,0.00,0,0,0.00,0.00,0,0
1567117566,eth1,0.00,0.00,0.00,0,0,0.00,0.00,0.00,0,0,0.00,0.00,0,0
1567117566,s2,0.00,213.79,213.79,214,0,0.00,2.00,2.00,2,0,0.00,0.00,0,0
1567117566,s1-eth2,106.89,106.89,213.79,107,107,1.00,1.00,2.00,1,1,0.00,0.00,0,0
1567117566,s1-eth1,106.89,0.00,106.89,0,107,1.00,0.00,1.00,0,1,0.00,0.00,0,0
1567117566,s3,0.00,213.79,213.79,214,0,0.00,2.00,2.00,2,0,0.00,0.00,0,0
1567117566,s2-eth2,213.79,106.89,320.68,107,214,2.00,1.00,3.00,1,2,0.00,0.00,0,0
1567117566,s2-eth1,106.89,106.89,213.79,107,107,1.00,1.00,2.00,1,1,0.00,0.00,0,0
1567117566,lo,1523.48,1523.48,3046.95,1525,1525,14.99,14.99,29.97,15,15,0.00,0.00,0,0
1567117566,s4,0.00,0.00,0.00,0,0,0.00,0.00,0.00,0,0,0.00,0.00,0,0
1567117566,s3-eth2,213.79,0.00,213.79,0,214,2.00,0.00,2.00,0,2,0.00,0.00,0,0
1567117566,s3-eth1,106.89,213.79,320.68,214,107,1.00,2.00,3.00,2,1,0.00,0.00,0,0
1567117566,total,2378.62,2592.41,4971.03,2595,2381,22.98,24.98,47.95,25,23,0.00,0.00,0,0
1567117567,s5,0.00,0.00,0.00,0,0,0.00,0.00,0.00,0,0,0.00,0.00,0,0
1567117567,s1,0.00,0.00,0.00,0,0,0.00,0.00,0.00,0,0,0.00,0.00,0,0
1567117567,eth0,0.00,0.00,0.00,0,0,0.00,0.00,0.00,0,0,0.00,0.00,0,0
1567117567,eth1,0.00,0.00,0.00,0,0,0.00,0.00,0.00,0,0,0.00,0.00,0,0
1567117567,s2,0.00,0.00,0.00,0,0,0.00,0.00,0.00,0,0,0.00,0.00,0,0
1567117567,s1-eth2,0.00,0.00,0.00,0,0,0.00,0.00,0.00,0,0,0.00,0.00,0,0
1567117567,s1-eth1,0.00,0.00,0.00,0,0,0.00,0.00,0.00,0,0,0.00,0.00,0,0
1567117567,s3,0.00,0.00,0.00,0,0,0.00,0.00,0.00,0,0,0.00,0.00,0,0
1567117567,s2-eth2,0.00,0.00,0.00,0,0,0.00,0.00,0.00,0,0,0.00,0.00,0,0
1567117567,s2-eth1,0.00,0.00,0.00,0,0,0.00,0.00,0.00,0,0,0.00,0.00,0,0
1567117567,lo,343.66,343.66,687.31,344,344,5.99,5.99,11.99,6,6,0.00,0.00,0,0
1567117567,s4,0.00,0.00,0.00,0,0,0.00,0.00,0.00,0,0,0.00,0.00,0,0
1567117567,s3-eth2,341.66,0.00,341.66,0,342,1.00,0.00,1.00,0,1,0.00,0.00,0,0
1567117567,s3-eth1,0.00,0.00,0.00,0,0,0.00,0.00,0.00,0,0,0.00,0.00,0,0
1567117567,total,685.31,343.66,1028.97,344,686,6.99,5.99,12.99,6,7,0.00,0.00,0,0
1567117568,s5,0.00,0.00,0.00,0,0,0.00,0.00,0.00,0,0,0.00,0.00,0,0
1567117568,s1,0.00,0.00,0.00,0,0,0.00,0.00,0.00,0,0,0.00,0.00,0,0
1567117568,eth0,0.00,0.00,0.00,0,0,0.00,0.00,0.00,0,0,0.00,0.00,0,0
1567117568,eth1,0.00,0.00,0.00,0,0,0.00,0.00,0.00,0,0,0.00,0.00,0,0
1567117568,s2,0.00,0.00,0.00,0,0,0.00,0.00,0.00,0,0,0.00,0.00,0,0
1567117568,s1-eth2,0.00,0.00,0.00,0,0,0.00,0.00,0.00,0,0,0.00,0.00,0,0
1567117568,s1-eth1,0.00,0.00,0.00,0,0,0.00,0.00,0.00,0,0,0.00,0.00,0,0
1567117568,s3,0.00,0.00,0.00,0,0,0.00,0.00,0.00,0,0,0.00,0.00,0,0
1567117568,s2-eth2,0.00,0.00,0.00,0,0,0.00,0.00,0.00,0,0,0.00,0.00,0,0
1567117568,s2-eth1,0.00,0.00,0.00,0,0,0.00,0.00,0.00,0,0,0.00,0.00,0,0
1567117568,lo,0.00,0.00,0.00,0,0,0.00,0.00,0.00,0,0,0.00,0.00,0,0
1567117568,s4,0.00,0.00,0.00,0,0,0.00,0.00,0.00,0,0,0.00,0.00,0,0
1567117568,s3-eth2,0.00,0.00,0.00,0,0,0.00,0.00,0.00,0,0,0.00,0.00,0,0
1567117568,s3-eth1,0.00,0.00,0.00,0,0,0.00,0.00,0.00,0,0,0.00,0.00,0,0
1567117568,total,0.00,0.00,0.00,0,0,0.00,0.00,0.00,0,0,0.00,0.00,0,0
1567117569,s5,0.00,0.00,0.00,0,0,0.00,0.00,0.00,0,0,0.00,0.00,0,0
1567117569,s1,0.00,0.00,0.00,0,0,0.00,0.00,0.00,0,0,0.00,0.00,0,0
1567117569,eth0,0.00,0.00,0.00,0,0,0.00,0.00,0.00,0,0,0.00,0.00,0,0
1567117569,eth1,0.00,0.00,0.00,0,0,0.00,0.00,0.00,0,0,0.00,0.00,0,0
1567117569,s2,0.00,0.00,0.00,0,0,0.00,0.00,0.00,0,0,0.00,0.00,0,0
1567117569,s1-eth2,0.00,0.00,0.00,0,0,0.00,0.00,0.00,0,0,0.00,0.00,0,0
1567117569,s1-eth1,0.00,0.00,0.00,0,0,0.00,0.00,0.00,0,0,0.00,0.00,0,0
1567117569,s3,0.00,0.00,0.00,0,0,0.00,0.00,0.00,0,0,0.00,0.00,0,0
1567117569,s2-eth2,0.00,0.00,0.00,0,0,0.00,0.00,0.00,0,0,0.00,0.00,0,0
1567117569,s2-eth1,0.00,0.00,0.00,0,0,0.00,0.00,0.00,0,0,0.00,0.00,0,0
1567117569,lo,0.00,0.00,0.00,0,0,0.00,0.00,0.00,0,0,0.00,0.00,0,0
1567117569,s4,0.00,0.00,0.00,0,0,0.00,0.00,0.00,0,0,0.00,0.00,0,0
1567117569,s3-eth2,0.00,0.00,0.00,0,0,0.00,0.00,0.00,0,0,0.00,0.00,0,0
1567117569,s3-eth1,0.00,0.00,0.00,0,0,0.00,0.00,0.00,0,0,0.00,0.00,0,0
1567117569,total,0.00,0.00,0.00,0,0,0.00,0.00,0.00,0,0,0.00,0.00,0,0
1567117570,s5,0.00,0.00,0.00,0,0,0.00,0.00,0.00,0,0,0.00,0.00,0,0
1567117570,s1,0.00,0.00,0.00,0,0,0.00,0.00,0.00,0,0,0.00,0.00,0,0
1567117570,eth0,0.00,0.00,0.00,0,0,0.00,0.00,0.00,0,0,0.00,0.00,0,0
1567117570,eth1,0.00,0.00,0.00,0,0,0.00,0.00,0.00,0,0,0.00,0.00,0,0
1567117570,s2,0.00,0.00,0.00,0,0,0.00,0.00,0.00,0,0,0.00,0.00,0,0
1567117570,s1-eth2,0.00,0.00,0.00,0,0,0.00,0.00,0.00,0,0,0.00,0.00,0,0
1567117570,s1-eth1,0.00,0.00,0.00,0,0,0.00,0.00,0.00,0,0,0.00,0.00,0,0
1567117570,s3,0.00,0.00,0.00,0,0,0.00,0.00,0.00,0,0,0.00,0.00,0,0
1567117570,s2-eth2,0.00,0.00,0.00,0,0,0.00,0.00,0.00,0,0,0.00,0.00,0,0
1567117570,s2-eth1,0.00,0.00,0.00,0,0,0.00,0.00,0.00,0,0,0.00,0.00,0,0
1567117570,lo,344.00,344.00,688.00,344,344,6.00,6.00,12.00,6,6,0.00,0.00,0,0
1567117570,s4,0.00,0.00,0.00,0,0,0.00,0.00,0.00,0,0,0.00,0.00,0,0
1567117570,s3-eth2,0.00,0.00,0.00,0,0,0.00,0.00,0.00,0,0,0.00,0.00,0,0
1567117570,s3-eth1,0.00,0.00,0.00,0,0,0.00,0.00,0.00,0,0,0.00,0.00,0,0
1567117570,total,