1566916461,s5,0.00,0.00,0.00,0,0,0.00,0.00,0.00,0,0,0.00,0.00,0,0
1566916461,s1,0.00,0.00,0.00,0,0,0.00,0.00,0.00,0,0,0.00,0.00,0,0
1566916461,eth0,0.00,0.00,0.00,0,0,0.00,0.00,0.00,0,0,0.00,0.00,0,0
1566916461,eth1,0.00,0.00,0.00,0,0,0.00,0.00,0.00,0,0,0.00,0.00,0,0
1566916461,s2,0.00,0.00,0.00,0,0,0.00,0.00,0.00,0,0,0.00,0.00,0,0
1566916461,s1-eth2,0.00,0.00,0.00,0,0,0.00,0.00,0.00,0,0,0.00,0.00,0,0
1566916461,s1-eth1,0.00,0.00,0.00,0,0,0.00,0.00,0.00,0,0,0.00,0.00,0,0
1566916461,s3,0.00,0.00,0.00,0,0,0.00,0.00,0.00,0,0,0.00,0.00,0,0
1566916461,s2-eth2,0.00,0.00,0.00,0,0,0.00,0.00,0.00,0,0,0.00,0.00,0,0
1566916461,s2-eth1,0.00,0.00,0.00,0,0,0.00,0.00,0.00,0,0,0.00,0.00,0,0
1566916461,lo,0.00,0.00,0.00,0,0,0.00,0.00,0.00,0,0,0.00,0.00,0,0
1566916461,s4,0.00,0.00,0.00,0,0,0.00,0.00,0.00,0,0,0.00,0.00,0,0
1566916461,s3-eth2,0.00,0.00,0.00,0,0,0.00,0.00,0.00,0,0,0.00,0.00,0,0
1566916461,s3-eth1,0.00,0.00,0.00,0,0,0.00,0.00,0.00,0,0,0.00,0.00,0,0
1566916461,total,0.00,0.00,0.00,0,0,0.00,0.00,0.00,0,0,0.00,0.00,0,0
1566916462,s5,0.00,0.00,0.00,0,0,0.00,0.00,0.00,0,0,0.00,0.00,0,0
1566916462,s1,90.00,2962.00,3052.00,2962,90,1.00,14.00,15.00,14,1,0.00,0.00,0,0
1566916462,eth0,152.00,245.00,397.00,245,152,2.00,2.00,4.00,2,2,0.00,0.00,0,0
1566916462,eth1,0.00,0.00,0.00,0,0,0.00,0.00,0.00,0,0,0.00,0.00,0,0
1566916462,s2,160.00,2452.00,2612.00,2452,160,2.00,11.00,13.00,11,2,0.00,0.00,0,0
1566916462,s1-eth2,150286.00,6125578.00,6275864.00,6125578,150286,2024.00,4058.00,6082.00,4058,2024,0.00,0.00,0,0
1566916462,s1-eth1,6125995.00,149406.00,6275401.00,149406,6125995,4060.00,2019.00,6079.00,2019,4060,0.00,0.00,0,0
1566916462,s3,90.00,1560.00,1650.00,1560,90,1.00,8.00,9.00,8,1,0.00,0.00,0,0
1566916462,s2-eth2,151040.00,6121234.00,6272274.00,6121234,151040,2028.00,4049.00,6077.00,4049,2028,0.00,0.00,0,0
1566916462,s2-eth1,6125578.00,150286.00,6275864.00,150286,6125578,4058.00,2024.00,6082.00,2024,4058,0.00,0.00,0,0
1566916462,lo,11324.00,11324.00,22648.00,11324,11324,108.00,108.00,216.00,108,108,0.00,0.00,0,0
1566916462,s4,0.00,0.00,0.00,0,0,0.00,0.00,0.00,0,0,0.00,0.00,0,0
1566916462,s3-eth2,153144.00,6122616.00,6275760.00,6122616,153144,2036.00,4044.00,6080.00,4044,2036,0.00,0.00,0,0
1566916462,s3-eth1,6121234.00,151040.00,6272274.00,151040,6121234,4049.00,2028.00,6077.00,2028,4049,0.00,0.00,0,0
1566916462,total,18839092.00,18838704.00,37677796.00,18838703,18839093,18369.00,18365.00,36734.00,18365,18369,0.00,0.00,0,0
1566916463,s5,0.00,0.00,0.00,0,0,0.00,0.00,0.00,0,0,0.00,0.00,0,0
1566916463,s1,0.00,1011.00,1011.00,1011,0,0.00,4.00,4.00,4,0,0.00,0.00,0,0
1566916463,eth0,152.00,245.00,397.00,245,152,2.00,2.00,4.00,2,2,0.00,0.00,0,0
1566916463,eth1,0.00,0.00,0.00,0,0,0.00,0.00,0.00,0,0,0.00,0.00,0,0
1566916463,s2,90.00,921.00,1011.00,921,90,1.00,3.00,4.00,3,1,0.00,0.00,0,0
1566916463,s1-eth2,150325.00,6129683.00,6280008.00,6129683,150325,2028.00,4052.00,6080.00,4052,2028,0.00,0.00,0,0
1566916463,s1-eth1,6129790.00,150072.00,6279862.00,150072,6129790,4053.00,2028.00,6081.00,2028,4053,0.00,0.00,0,0
1566916463,s3,0.00,866.00,866.00,866,0,0.00,4.00,4.00,4,0,0.00,0.00,0,0
1566916463,s2-eth2,150864.00,6127752.00,6278616.00,6127752,150864,2031.00,4049.00,6080.00,4049,2031,0.00,0.00,0,0
1566916463,s2-eth1,6129683.00,150325.00,6280008.00,150325,6129683,4052.00,2028.00,6080.00,2028,4052,0.00,0.00,0,0
1566916463,lo,4118.00,4118.00,8236.00,4118,4118,40.00,40.00,80.00,40,40,0.00,0.00,0,0
1566916463,s4,0.00,0.00,0.00,0,0,0.00,0.00,0.00,0,0,0.00,0.00,0,0
1566916463,s3-eth2,151458.00,6130186.00,6281644.00,6130186,151458,2033.00,4049.00,6082.00,4049,2033,0.00,0.00,0,0
1566916463,s3-eth1,6127752.00,150864.00,6278616.00,150864,6127752,4049.00,2031.00,6080.00,2031,4049,0.00,0.00,0,0
1566916463,total,18844232.00,18846044.00,37690276.00,18846043,18844232,18289.00,18290.00,36579.00,18290,18289,0.00,0.00,0,0
1566916464,s5,0.00,0.00,0.00,0,0,0.00,0.00,0.00,0,0,0.00,0.00,0,0
1566916464,s1,0.00,284.00,284.00,284,0,0.00,3.00,3.00,3,0,0.00,0.00,0,0
1566916464,eth0,60.00,60.00,120.00,60,60,1.00,1.00,2.00,1,1,0.00,0.00,0,0
1566916464,eth1,0.00,0.00,0.00,0,0,0.00,0.00,0.00,0,0,0.00,0.00,0,0
1566916464,s2,0.00,621.00,621.00,621,0,0.00,5.00,5.00,5,0,0.00,0.00,0,0
1566916464,s1-eth2,149254.00,6097092.00,6246346.00,6097092,149254,2014.00,4029.00,6043.00,4029,2014,0.00,0.00,0,0
1566916464,s1-eth1,6097756.00,148810.00,6246566.00,148810,6097756,4032.00,2011.00,6043.00,2011,4032,0.00,0.00,0,0
1566916464,s3,0.00,851.00,851.00,851,0,0.00,6.00,6.00,6,0,0.00,0.00,0,0
1566916464,s2-eth2,149665.00,6098499.00,6248164.00,6098499,149665,2017.00,4029.00,6046.00,4029,2017,0.00,0.00,0,0
1566916464,s2-eth1,6097092.00,149254.00,6246346.00,149254,6097092,4029.00,2014.00,6043.00,2014,4029,0.00,0.00,0,0
1566916464,lo,4111.00,4111.00,8222.00,4111,4111,42.00,42.00,84.00,42,42,0.00,0.00,0,0
1566916464,s4,0.00,0.00,0.00,0,0,0.00,0.00,0.00,0,0,0.00,0.00,0,0
1566916464,s3-eth2,149846.00,6099906.00,6249752.00,6099906,149846,2019.00,4029.00,6048.00,4029,2019,0.00,0.00,0,0
1566916464,s3-eth1,6098499.00,149665.00,6248164.00,149665,6098499,4029.00,2017.00,6046.00,2017,4029,0.00,0.00,0,0
1566916464,total,18746284.00,18749152.00,37495436.00,18749153,18746283,18183.00,18186.00,36369.00,18186,18183,0.00,0.00,0,0
1566916465,s5,0.00,0.00,0.00,0,0,0.00,0.00,0.00,0,0,0.00,0.00,0,0
1566916465,s1,70.00,1468.00,1538.00,1468,70,1.00,8.00,9.00,8,1,0.00,0.00,0,0
1566916465,eth0,0.00,0.00,0.00,0,0,0.00,0.00,0.00,0,0,0.00,0.00,0,0
1566916465,eth1,0.00,0.00,0.00,0,0,0.00,0.00,0.00,0,0,0.00,0.00,0,0
1566916465,s2,0.00,1201.00,1201.00,1201,0,0.00,7.00,7.00,7,0,0.00,0.00,0,0
1566916465,s1-eth2,150913.00,6160420.00,6311333.00,6160420,150913,2036.00,4076.00,6112.00,4076,2036,0.00,0.00,0,0
1566916465,s1-eth1,6160490.00,150516.00,6311006.00,150516,6160490,4077.00,2034.00,6111.00,2034,4077,0.00,0.00,0,0
1566916465,s3,70.00,794.00,864.00,794,70,1.00,4.00,5.00,4,1,0.00,0.00,0,0
1566916465,s2-eth2,151240.00,6159756.00,6310996.00,6159756,151240,2037.00,4073.00,6110.00,4073,2037,0.00,0.00,0,0
1566916465,s2-eth1,6160420.00,150913.00,6311333.00,150913,6160420,4076.00,2036.00,6112.00,2036,4076,0.00,0.00,0,0
1566916465,lo,6494.00,6494.00,12988.00,6494,6494,69.00,69.00,138.00,69,69,0.00,0.00,0,0
1566916465,s4,0.00,0.00,0.00,0,0,0.00,0.00,0.00,0,0,0.00,0.00,0,0
1566916465,s3-eth2,151573.00,6160536.00,6312109.00,6160536,151573,2039.00,4070.00,6109.00,4070,2039,0.00,0.00,0,0
1566916465,s3-eth1,6159756.00,151240.00,6310996.00,151240,6159756,4073.00,2037.00,6110.00,2037,4073,0.00,0.00,0,0
1566916465,total,18941026.00,18943338.00,37884364.00,18943338,18941026,18409.00,18414.00,36823.00,18414,18409,0.00,0.00,0,0
1566916466,s5,0.00,0.00,0.00,0,0,0.00,0.00,0.00,0,0,0.00,0.00,0,0
1566916466,s1,0.00,412.00,412.00,412,0,0.00,2.00,2.00,2,0,0.00,0.00,0,0
1566916466,eth0,0.00,0.00,0.00,0,0,0.00,0.00,0.00,0,0,0.00,0.00,0,0
1566916466,eth1,0.00,0.00,0.00,0,0,0.00,0.00,0.00,0,0,0.00,0.00,0,0
1566916466,s2,70.00,342.00,412.00,342,70,1.00,1.00,2.00,1,1,0.00,0.00,0,0
1566916466,s1-eth2,151256.00,6189644.00,6340900.00,6189644,151256,2044.00,4090.00,6134.00,4090,2044,0.00,0.00,0,0
1566916466,s1-eth1,6189986.00,151256.00,6341242.00,151256,6189986,4091.00,2044.00,6135.00,2044,4091,0.00,0.00,0,0
1566916466,s3,0.00,412.00,412.00,412,0,0.00,2.00,2.00,2,0,0.00,0.00,0,0
1566916466,s2-eth2,151668.00,6191088.00,6342756.00,6191088,151668,2046.00,4090.00,6136.00,4090,2046,0.00,0.00,0,0
1566916466,s2-eth1,6189644.00,151256.00,6340900.00,151256,6189644,4090.00,2044.00,6134.00,2044,4090,0.00,0.00,0,0
1566916466,lo,1782.00,1782.00,3564.00,1782,1782,18.00,18.00,36.00,18,18,0.00,0.00,0,0
1566916466,s4,0.00,0.00,0.00,0,0,0.00,0.00,0.00,0,0,0.00,0.00,0,0
1566916466,s3-eth2,151995.00,6192260.00,6344255.00,6192260,151995,2047.00,4090.00,6137.00,4090,2047,0.00,0.00,0,0
1566916466,s3-eth1,6191088.00,151668.00,6342756.00,151668,6191088,4090.00,2046.00,6136.00,2046,4090,0.00,0.00,0,0
1566916466,total,19027488.00,19030120.00,38057608.00,19030120,19027489,18427.00,18427.00,36854.00,18427,18427,0.00,0.00,0,0
1566916467,s5,0.00,0.00,0.00,0,0,0.00,0.00,0.00,0,0,0.00,0.00,0,0
1566916467,s1,0.00,0.00,0.00,0,0,0.00,0.00,0.00,0,0,0.00,0.00,0,0
1566916467,eth0,0.00,0.00,0.00,0,0,0.00,0.00,0.00,0,0,0.00,0.00,0,0
1566916467,eth1,0.00,0.00,0.00,0,0,0.00,0.00,0.00,0,0,0.00,0.00,0,0
1566916467,s2,0.00,0.00,0.00,0,0,0.00,0.00,0.00,0,0,0.00,0.00,0,0
1566916467,s1-eth2,151182.00,6186204.00,6337386.00,6186204,151182,2043.00,4086.00,6129.00,4086,2043,0.00,0.00,0,0
1566916467,s1-eth1,6184797.00,151182.00,6335979.00,151182,6184797,4086.00,2043.00,6129.00,2043,4086,0.00,0.00,0,0
1566916467,s3,0.00,107.00,107.00,107,0,0.00,1.00,1.00,1,0,0.00,0.00,0,0
1566916467,s2-eth2,151215.00,6184690.00,6335905.00,6184690,151215,2043.00,4085.00,6128.00,4085,2043,0.00,0.00,0,0
1566916467,s2-eth1,6186204.00,151182.00,6337386.00,151182,6186204,4086.00,2043.00,6129.00,2043,4086,0.00,0.00,0,0
1566916467,lo,305.00,305.00,610.00,305,305,3.00,3.00,6.00,3,3,0.00,0.00,0,0
1566916467,s4,0.00,0.00,0.00,0,0,0.00,0.00,0.00,0,0,0.00,0.00,0,0
1566916467,s3-eth2,151289.00,6186204.00,6337493.00,6186204,151289,2044.00,4086.00,6130.00,4086,2044,0.00,0.00,0,0
1566916467,s3-eth1,6184690.00,151215.00,6335905.00,151215,6184690,4085.00,2043.00,6128.00,2043,4085,0.00,0.00,0,0
1566916467,total,19009682.00,19011088.00,38020772.00,19011089,19009682,18390.00,18390.00,36780.00,18390,18390,0.00,0.00,0,0
1566916468,s5,0.00,0.00,0.00,0,0,0.00,0.00,0.00,0,0,0.00,0.00,0,0
1566916468,s1,0.00,284.00,284.00,284,0,0.00,3.00,3.00,3,0,0.00,0.00,0,0
1566916468,eth0,0.00,0.00,0.00,0,0,0.00,0.00,0.00,0,0,0.00,0.00,0,0
1566916468,eth1,0.00,0.00,0.00,0,0,0.00,0.00,0.00,0,0,0.00,0.00,0,0
1566916468,s2,0.00,696.00,696.00,696,0,0.00,5.00,5.00,5,0,0.00,0.00,0,0
1566916468,s1-eth2,152289.00,6209128.00,6361417.00,6209128,152289,2054.00,4103.00,6157.00,4103,2054,0.00,0.00,0,0
1566916468,s1-eth1,6209198.00,151770.00,6360968.00,151770,6209198,4104.00,2051.00,6155.00,2051,4104,0.00,0.00,0,0
1566916468,s3,0.00,659.00,659.00,659,0,0.00,5.00,5.00,5,0,0.00,0.00,0,0
1566916468,s2-eth2,152433.00,6209021.00,6361454.00,6209021,152433,2056.00,4102.00,6158.00,4102,2056,0.00,0.00,0,0
1566916468,s2-eth1,6209128.00,152289.00,6361417.00,152289,6209128,4103.00,2054.00,6157.00,2054,4103,0.00,0.00,0,0
1566916468,lo,3785.00,3785.00,7570.00,3785,3785,39.00,39.00,78.00,39,39,0.00,0.00,0,0
1566916468,s4,0.00,0.00,0.00,0,0,0.00,0.00,0.00,0,0,0.00,0.00,0,0
1566916468,s3-eth2,152466.00,6208914.00,6361380.00,6208914,152466,2056.00,4101.00,6157.00,4101,2056,0.00,0.00,0,0
1566916468,s3-eth1,6209021.00,152433.00,6361454.00,152433,6209021,4102.00,2056.00,6158.00,2056,4102,0.00,0.00,0,0
1566916468,total,19088320.00,19088980.00,38177300.00,19088979,19088320,18514.00,18519.00,37033.00,18519,18514,0.00,0.00,0,0
1566916469,s5,0.00,0.00,0.00,0,0,0.00,0.00,0.00,0,0,0.00,0.00,0,0
1566916469,s1,70.00,280.00,350.00,280,70,1.00,4.00,5.00,4,1,0.00,0.00,0,0
1566916469,eth0,0.00,0.00,0.00,0,0,0.00,0.00,0.00,0,0,0.00,0.00,0,0
1566916469,eth1,0.00,0.00,0.00,0,0,0.00,0.00,0.00,0,0,0.00,0.00,0,0
1566916469,s2,0.00,280.00,280.00,280,0,0.00,4.00,4.00,4,0,0.00,0.00,0,0
1566916469,s1-eth2,149698.00,6119868.00,6269566.00,6119868,149698,2023.00,4046.00,6069.00,4046,2023,0.00,0.00,0,0
1566916469,s1-eth1,6121452.00,149554.00,6271006.00,149554,6121452,4048.00,2021.00,6069.00,2021,4048,0.00,0.00,0,0
1566916469,s3,70.00,482.00,552.00,482,70,1.00,3.00,4.00,3,1,0.00,0.00,0,0
1566916469,s2-eth2,149966.00,6119798.00,6269764.00,6119798,149966,2023.00,4045.00,6068.00,4045,2023,0.00,0.00,0,0
1566916469,s2-eth1,6119868.00,149698.00,6269566.00,149698,6119868,4046.00,2023.00,6069.00,2023,4046,0.00,0.00,0,0
1566916469,lo,3490.00,3490.00,6980.00,3490,3490,38.00,38.00,76.00,38,38,0.00,0.00,0,0
1566916469,s4,0.00,0.00,0.00,0,0,0.00,0.00,0.00,0,0,0.00,0.00,0,0
1566916469,s3-eth2,150106.00,6112088.00,6262194.00,6112088,150106,2025.00,4038.00,6063.00,4038,2025,0.00,0.00,0,0
1566916469,s3-eth1,6119798.00,149966.00,6269764.00,149966,6119798,4045.00,2023.00,6068.00,2023,4045,0.00,0.00,0,0
1566916469,total,18814518.00,18805504.00,37620024.00,18805504,18814518,18250.00,18245.00,36495.00,18245,18250,0.00,0.00,0,0
1566916470,s5,0.00,0.00,0.00,0,0,0.00,0.00,0.00,0,0,0.00,0.00,0,0
1566916470,s1,0.00,70.00,70.00,70,0,0.00,1.00,1.00,1,0,0.00,0.00,0,0
1566916470,eth0,0.00,0.00,0.00,0,0,0.00,0.00,0.00,0,0,0.00,0.00,0,0
1566916470,eth1,0.00,0.00,0.00,0,0,0.00,0.00,0.00,0,0,0.00,0.00,0,0
1566916470,s2,70.00,0.00,70.00,0,70,1.00,0.00,1.00,0,1,0.00,0.00,0,0
1566916470,s1-eth2,152440.00,6236236.00,6388676.00,6236236,152440,2060.00,4120.00,6180.00,4120,2060,0.00,0.00,0,0
1566916470,s1-eth1,6238092.00,152440.00,6390532.00,152440,6238092,4122.00,2060.00,6182.00,2060,4122,0.00,0.00,0,0
1566916470,s3,0.00,70.00,70.00,70,0,0.00,1.00,1.00,1,0,0.00,0.00,0,0
1566916470,s2-eth2,152510.00,6234652.00,6387162.00,6234652,152510,2061.00,4118.00,6179.00,4118,2061,0.00,0.00,0,0
1566916470,s2-eth1,6236236.00,152440.00,6388676.00,152440,6236236,4120.00,2060.00,6180.00,2060,4120,0.00,0.00,0,0
1566916470,lo,1148.00,1148.00,2296.00,1148,1148,15.00,15.00,30.00,15,15,0.00,0.00,0,0
1566916470,s4,0.00,0.00,0.00,0,0,0.00,0.00,0.00,0,0,0.00,0.00,0,0
1566916470,s3-eth2,152510.00,6234652.00,6387162.00,6234652,152510,2061.00,4118.00,6179.00,4118,2061,0.00,0.00,0,0
1566916470,s3-eth1,6234652.00,152510.00,6387162.00,152510,6234652,4118.00,2061.00,6179.00,2061,4118,0.00,0.00,0,0
1566916470,total,19167658.00,19164218.00,38331876.00,19164218,19167658,18558.00,18554.00,37112.00,18554,18558,0.00,0.00,0,0
1566916471,s5,0.00,0.00,0.00,0,0,0.00,0.00,0.00,0,0,0.00,0.00,0,0
1566916471,s1,0.00,0.00,0.00,0,0,0.00,0.00,0.00,0,0,0.00,0.00,0,0
1566916471,eth0,0.00,0.00,0.00,0,0,0.00,0.00,0.00,0,0,0.00,0.00,0,0
1566916471,eth1,0.00,0.00,0.00,0,0,0.00,0.00,0.00,0,0,0.00,0.00,0,0
1566916471,s2,0.00,0.00,0.00,0,0,0.00,0.00,0.00,0,0,0.00,0.00,0,0
1566916471,s1-eth2,151182.00,6186204.00,6337386.00,6186204,151182,2043.00,4086.00,6129.00,4086,2043,0.00,0.00,0,0
1566916471,s1-eth1,6184690.00,151182.00,6335872.00,151182,6184690,4085.00,2043.00,6128.00,2043,4085,0.00,0.00,0,0
1566916471,s3,0.00,0.00,0.00,0,0,0.00,0.00,0.00,0,0,0.00,0.00,0,0
1566916471,s2-eth2,151182.00,6186204.00,6337386.00,6186204,151182,2043.00,4086.00,6129.00,4086,2043,0.00,0.00,0,0
1566916471,s2-eth1,6186204.00,151182.00,6337386.00,151182,6186204,4086.00,2043.00,6129.00,2043,4086,0.00,0.00,0,0
1566916471,lo,0.00,0.00,0.00,0,0,0.00,0.00,0.00,0,0,0.00,0.00,0,0
1566916471,s4,0.00,0.00,0.00,0,0,0.00,0.00,0.00,0,0,0.00,0.00,0,0
1566916471,s3-eth2,151524.00,6189232.00,6340756.00,6189232,151524,2044.00,4088.00,6132.00,4088,2044,0.00,0.00,0,0
1566916471,s3-eth1,6186204.00,151182.00,6337386.00,151182,6186204,4086.00,2043.00,6129.00,2043,4086,0.00,0.00,0,0
1566916471,total,19010986.00,19015186.00,38026172.00,19015186,19010986,18387.00,18389.00,36776.00,18389,18387,0.00,0.00,0,0
1566916472,s5,0.00,0.00,0.00,0,0,0.00,0.00,0.00,0,0,0.00,0.00,0,0
1566916472,s1,0.00,0.00,0.00,0,0,0.00,0.00,0.00,0,0,0.00,0.00,0,0
1566916472,eth0,0.00,0.00,0.00,0,0,0.00,0.00,0.00,0,0,0.00,0.00,0,0
1566916472,eth1,0.00,0.00,0.00,0,0,0.00,0.00,0.00,0,0,0.00,0.00,0,0
1566916472,s2,0.00,0.00,0.00,0,0,0.00,0.00,0.00,0,0,0.00,0.00,0,0
1566916472,s1-eth2,152440.00,6239194.00,6391634.00,6239194,152440,2060.00,4121.00,6181.00,4121,2060,0.00,0.00,0,0
1566916472,s1-eth1,6239194.00,152440.00,6391634.00,152440,6239194,4121.00,2060.00,6181.00,2060,4121,0.00,0.00,0,0
1566916472,s3,0.00,0.00,0.00,0,0,0.00,0.00,0.00,0,0,0.00,0.00,0,0
1566916472,s2-eth2,152440.00,6239194.00,6391634.00,6239194,152440,2060.00,4121.00,6181.00,4121,2060,0.00,0.00,0,0
1566916472,s2-eth1,6239194.00,152440.00,6391634.00,152440,6239194,4121.00,2060.00,6181.00,2060,4121,0.00,0.00,0,0
1566916472,lo,0.00,0.00,0.00,0,0,0.00,0.00,0.00,0,0,0.00,0.00,0,0
1566916472,s4,0.00,0.00,0.00,0,0,0.00,0.00,0.00,0,0,0.00,0.00,0,0
1566916472,s3-eth2,152440.00,6239194.00,6391634.00,6239194,152440,2060.00,4121.00,6181.00,4121,2060,0.00,0.00,0,0
1566916472,s3-eth1,6239194.00,152440.00,6391634.00,152440,6239194,4121.00,2060.00,6181.00,2060,4121,0.00,0.00,0,0
1566916472,total,19174902.00,19174902.00,38349804.00,19174902,19174902,18543.00,18543.00,37086.00,18543,18543,0.00,0.00,0,0
1566916473,s5,0.00,0.00,0.00,0,0,0.00,0.00,0.00,0,0,0.00,0.00,0,0
1566916473,s1,0.00,342.00,342.00,342,0,0.00,1.00,1.00,1,0,0.00,0.00,0,0
1566916473,eth0,0.00,0.00,0.00,0,0,0.00,0.00,0.00,0,0,0.00,0.00,0,0
1566916473,eth1,0.00,0.00,0.00,0,0,0.00,0.00,0.00,0,0,0.00,0.00,0,0
1566916473,s2,0.00,342.00,342.00,342,0,0.00,1.00,1.00,1,0,0.00,0.00,0,0
1566916473,s1-eth2,152588.00,6244078.00,6396666.00,6244078,152588,2062.00,4125.00,6187.00,4125,2062,0.00,0.00,0,0
1566916473,s1-eth1,6245592.00,152662.00,6398254.00,152662,6245592,4126.00,2063.00,6189.00,2063,4126,0.00,0.00,0,0
1566916473,s3,0.00,0.00,0.00,0,0,0.00,0.00,0.00,0,0,0.00,0.00,0,0
1566916473,s2-eth2,152588.00,6244078.00,6396666.00,6244078,152588,2062.00,4125.00,6187.00,4125,2062,0.00,0.00,0,0
1566916473,s2-eth1,6244078.00,152588.00,6396666.00,152588,6244078,4125.00,2062.00,6187.00,2062,4125,0.00,0.00,0,0
1566916473,lo,652.00,652.00,1304.00,652,652,6.00,6.00,12.00,6,6,0.00,0.00,0,0
1566916473,s4,0.00,0.00,0.00,0,0,0.00,0.00,0.00,0,0,0.00,0.00,0,0
1566916473,s3-eth2,152662.00,6245250.00,6397912.00,6245250,152662,2063.00,4125.00,6188.00,4125,2063,0.00,0.00,0,0
1566916473,s3-eth1,6244078.00,152588.00,6396666.00,152588,6244078,4125.00,2062.00,6187.00,2062,4125,0.00,0.00,0,0
1566916473,total,19192238.00,19192580.00,38384816.00,19192580,19192238,18569.00,18570.00,37139.00,18570,18569,0.00,0.00,0,0
1566916474,s5,0.00,0.00,0.00,0,0,0.00,0.00,0.00,0,0,0.00,0.00,0,0
1566916474,s1,0.00,0.00,0.00,0,0,0.00,0.00,0.00,0,0,0.00,0.00,0,0
1566916474,eth0,0.00,0.00,0.00,0,0,0.00,0.00,0.00,0,0,0.00,0.00,0,0
1566916474,eth1,0.00,0.00,0.00,0,0,0.00,0.00,0.00,0,0,0.00,0.00,0,0
1566916474,s2,0.00,0.00,0.00,0,0,0.00,0.00,0.00,0,0,0.00,0.00,0,0
1566916474,s1-eth2,151034.00,6181662.00,6332696.00,6181662,151034,2041.00,4083.00,6124.00,4083,2041,0.00,0.00,0,0
1566916474,s1-eth1,6180148.00,151034.00,6331182.00,151034,6180148,4082.00,2041.00,6123.00,2041,4082,0.00,0.00,0,0
1566916474,s3,0.00,0.00,0.00,0,0,0.00,0.00,0.00,0,0,0.00,0.00,0,0
1566916474,s2-eth2,151108.00,6181662.00,6332770.00,6181662,151108,2042.00,4083.00,6125.00,4083,2042,0.00,0.00,0,0
1566916474,s2-eth1,6181662.00,151034.00,6332696.00,151034,6181662,4083.00,2041.00,6124.00,2041,4083,0.00,0.00,0,0
1566916474,lo,172.00,172.00,344.00,172,172,3.00,3.00,6.00,3,3,0.00,0.00,0,0
1566916474,s4,0.00,0.00,0.00,0,0,0.00,0.00,0.00,0,0,0.00,0.00,0,0
1566916474,s3-eth2,151034.00,6172578.00,6323612.00,6172578,151034,2041.00,4077.00,6118.00,4077,2041,0.00,0.00,0,0
1566916474,s3-eth1,6181662.00,151108.00,6332770.00,151108,6181662,4083.00,2042.00,6125.00,2042,4083,0.00,0.00,0,0
1566916474,total,18996820.00,18989250.00,37986072.00,18989250,18996820,18375.00,18370.00,36745.00,18370,18375,0.00,0.00,0,0
1566916475,s5,0.00,0.00,0.00,0,0,0.00,0.00,0.00,0,0,0.00,0.00,0,0
1566916475,s1,0.00,0.00,0.00,0,0,0.00,0.00,0.00,0,0,0.00,0.00,0,0
1566916475,eth0,0.00,0.00,0.00,0,0,0.00,0.00,0.00,0,0,0.00,0.00,0,0
1566916475,eth1,0.00,0.00,0.00,0,0,0.00,0.00,0.00,0,0,0.00,0.00,0,0
1566916475,s2,0.00,0.00,0.00,0,0,0.00,0.00,0.00,0,0,0.00,0.00,0,0
1566916475,s1-eth2,151404.00,6195288.00,6346692.00,6195288,151404,2046.00,4092.00,6138.00,4092,2046,0.00,0.00,0,0
1566916475,s1-eth1,6195395.00,151404.00,6346799.00,151404,6195395,4093.00,2046.00,6139.00,2046,4093,0.00,0.00,0,0
1566916475,s3,0.00,107.00,107.00,107,0,0.00,1.00,1.00,1,0,0.00,0.00,0,0
1566916475,s2-eth2,151511.00,6195288.00,6346799.00,6195288,151511,2047.00,4092.00,6139.00,4092,2047,0.00,0.00,0,0
1566916475,s2-eth1,6195288.00,151404.00,6346692.00,151404,6195288,4092.00,2046.00,6138.00,2046,4092,0.00,0.00,0,0
1566916475,lo,649.00,649.00,1298.00,649,649,9.00,9.00,18.00,9,9,0.00,0.00,0,0
1566916475,s4,0.00,0.00,0.00,0,0,0.00,0.00,0.00,0,0,0.00,0.00,0,0
1566916475,s3-eth2,151511.00,6195288.00,6346799.00,6195288,151511,2047.00,4092.00,6139.00,4092,2047,0.00,0.00,0,0
1566916475,s3-eth1,6195288.00,151511.00,6346799.00,151511,6195288,4092.00,2047.00,6139.00,2047,4092,0.00,0.00,0,0
1566916475,total,19041046.00,19040940.00,38081984.00,19040939,19041046,18426.00,18425.00,36851.00,18425,18426,0.00,0.00,0,0
1566916476,s5,0.00,0.00,0.00,0,0,0.00,0.00,0.00,0,0,0.00,0.00,0,0
1566916476,s1,0.00,214.00,214.00,214,0,0.00,2.00,2.00,2,0,0.00,0.00,0,0
1566916476,eth0,0.00,0.00,0.00,0,0,0.00,0.00,0.00,0,0,0.00,0.00,0,0
1566916476,eth1,0.00,0.00,0.00,0,0,0.00,0.00,0.00,0,0,0.00,0.00,0,0
1566916476,s2,0.00,556.00,556.00,556,0,0.00,3.00,3.00,3,0,0.00,0.00,0,0
1566916476,s1-eth2,152667.00,6227296.00,6379963.00,6227296,152667,2059.00,4115.00,6174.00,4115,2059,0.00,0.00,0,0
1566916476,s1-eth1,6227296.00,152218.00,6379514.00,152218,6227296,4115.00,2057.00,6172.00,2057,4115,0.00,0.00,0,0
1566916476,s3,0.00,449.00,449.00,449,0,0.00,2.00,2.00,2,0,0.00,0.00,0,0
1566916476,s2-eth2,152593.00,6227189.00,6379782.00,6227189,152593,2058.00,4114.00,6172.00,4114,2058,0.00,0.00,0,0
1566916476,s2-eth1,6227296.00,152667.00,6379963.00,152667,6227296,4115.00,2059.00,6174.00,2059,4115,0.00,0.00,0,0
1566916476,lo,2177.00,2177.00,4354.00,2177,2177,21.00,21.00,42.00,21,21,0.00,0.00,0,0
1566916476,s4,0.00,0.00,0.00,0,0,0.00,0.00,0.00,0,0,0.00,0.00,0,0
1566916476,s3-eth2,152774.00,6228596.00,6381370.00,6228596,152774,2060.00,4114.00,6174.00,4114,2060,0.00,0.00,0,0
1566916476,s3-eth1,6227189.00,152593.00,6379782.00,152593,6227189,4114.00,2058.00,6172.00,2058,4114,0.00,0.00,0,0
1566916476,total,19141992.00,19143956.00,38285948.00,19143955,19141992,18542.00,18545.00,37087.00,18545,18542,0.00,0.00,0,0
1566916477,s5,0.00,0.00,0.00,0,0,0.00,0.00,0.00,0,0,0.00,0.00,0,0
1566916477,s1,0.00,0.00,0.00,0,0,0.00,0.00,0.00,0,0,0.00,0.00,0,0
1566916477,eth0,0.00,0.00,0.00,0,0,0.00,0.00,0.00,0,0,0.00,0.00,0,0
1566916477,eth1,0.00,0.00,0.00,0,0,0.00,0.00,0.00,0,0,0.00,0.00,0,0
1566916477,s2,0.00,0.00,0.00,0,0,0.00,0.00,0.00,0,0,0.00,0.00,0,0
1566916477,s1-eth2,152366.00,6236166.00,6388532.00,6236166,152366,2059.00,4119.00,6178.00,4119,2059,0.00,0.00,0,0
1566916477,s1-eth1,6236166.00,152366.00,6388532.00,152366,6236166,4119.00,2059.00,6178.00,2059,4119,0.00,0.00,0,0
1566916477,s3,0.00,0.00,0.00,0,0,0.00,0.00,0.00,0,0,0.00,0.00,0,0
1566916477,s2-eth2,152440.00,6236166.00,6388606.00,6236166,152440,2060.00,4119.00,6179.00,4119,2060,0.00,0.00,0,0
1566916477,s2-eth1,6236166.00,152366.00,6388532.00,152366,6236166,4119.00,2059.00,6178.00,2059,4119,0.00,0.00,0,0
1566916477,lo,0.00,0.00,0.00,0,0,0.00,0.00,0.00,0,0,0.00,0.00,0,0
1566916477,s4,0.00,0.00,0.00,0,0,0.00,0.00,0.00,0,0,0.00,0.00,0,0
1566916477,s3-eth2,152366.00,6236166.00,6388532.00,6236166,152366,2059.00,4119.00,6178.00,4119,2059,0.00,0.00,0,0
1566916477,s3-eth1,6236166.00,152440.00,6388606.00,152440,6236166,4119.00,2060.00,6179.00,2060,4119,0.00,0.00,0,0
1566916477,total,19165670.00,19165670.00,38331340.00,19165670,19165670,18535.00,18535.00,37070.00,18535,18535,0.00,0.00,0,0
1566916478,s5,0.00,0.00,0.00,0,0,0.00,0.00,0.00,0,0,0.00,0.00,0,0
1566916478,s1,0.00,0.00,0.00,0,0,0.00,0.00,0.00,0,0,0.00,0.00,0,0
1566916478,eth0,0.00,0.00,0.00,0,0,0.00,0.00,0.00,0,0,0.00,0.00,0,0
1566916478,eth1,0.00,0.00,0.00,0,0,0.00,0.00,0.00,0,0,0.00,0.00,0,0
1566916478,s2,0.00,0.00,0.00,0,0,0.00,0.00,0.00,0,0,0.00,0.00,0,0
1566916478,s1-eth2,148000.00,6054486.00,6202486.00,6054486,148000,2000.00,3999.00,5999.00,3999,2000,0.00,0.00,0,0
1566916478,s1-eth1,6052972.00,147926.00,6200898.00,147926,6052972,3998.00,1999.00,5997.00,1999,3998,0.00,0.00,0,0
1566916478,s3,0.00,0.00,0.00,0,0,0.00,0.00,0.00,0,0,0.00,0.00,0,0
1566916478,s2-eth2,147926.00,6054486.00,6202412.00,6054486,147926,1999.00,3999.00,5998.00,3999,1999,0.00,0.00,0,0
1566916478,s2-eth1,6054486.00,148000.00,6202486.00,148000,6054486,3999.00,2000.00,5999.00,2000,3999,0.00,0.00,0,0
1566916478,lo,0.00,0.00,0.00,0,0,0.00,0.00,0.00,0,0,0.00,0.00,0,0
1566916478,s4,0.00,0.00,0.00,0,0,0.00,0.00,0.00,0,0,0.00,0.00,0,0
1566916478,s3-eth2,147926.00,6052972.00,6200898.00,6052972,147926,1999.00,3998.00,5997.00,3998,1999,0.00,0.00,0,0
1566916478,s3-eth1,6054486.00,147926.00,6202412.00,147926,6054486,3999.00,1999.00,5998.00,1999,3999,0.00,0.00,0,0
1566916478,total,18605796.00,18605796.00,37211592.00,18605796,18605796,17994.00,17994.00,35988.00,17994,17994,0.00,0.00,0,0
1566916479,s5,0.00,0.00,0.00,0,0,0.00,0.00,0.00,0,0,0.00,0.00,0,0
1566916479,s1,0.00,0.00,0.00,0,0,0.00,0.00,0.00,0,0,0.00,0.00,0,0
1566916479,eth0,0.00,0.00,0.00,0,0,0.00,0.00,0.00,0,0,0.00,0.00,0,0
1566916479,eth1,0.00,0.00,0.00,0,0,0.00,0.00,0.00,0,0,0.00,0.00,0,0
1566916479,s2,0.00,0.00,0.00,0,0,0.00,0.00,0.00,0,0,0.00,0.00,0,0
1566916479,s1-eth2,151552.00,6199830.00,6351382.00,6199830,151552,2048.00,4095.00,6143.00,4095,2048,0.00,0.00,0,0
1566916479,s1-eth1,6201344.00,151552.00,6352896.00,151552,6201344,4096.00,2048.00,6144.00,2048,4096,0.00,0.00,0,0
1566916479,s3,0.00,0.00,0.00,0,0,0.00,0.00,0.00,0,0,0.00,0.00,0,0
1566916479,s2-eth2,151552.00,6201344.00,6352896.00,6201344,151552,2048.00,4096.00,6144.00,4096,2048,0.00,0.00,0,0
1566916479,s2-eth1,6199830.00,151552.00,6351382.00,151552,6199830,4095.00,2048.00,6143.00,2048,4095,0.00,0.00,0,0
1566916479,lo,0.00,0.00,0.00,0,0,0.00,0.00,0.00,0,0,0.00,0.00,0,0
1566916479,s4,0.00,0.00,0.00,0,0,0.00,0.00,0.00,0,0,0.00,0.00,0,0
1566916479,s3-eth2,151552.00,6201344.00,6352896.00,6201344,151552,2048.00,4096.00,6144.00,4096,2048,0.00,0.00,0,0
1566916479,s3-eth1,6201344.00,151552.00,6352896.00,151552,6201344,4096.00,2048.00,6144.00,2048,4096,0.00,0.00,0,0
1566916479,total,19057174.00,19057174.00,38114348.00,19057174,19057174,18431.00,18431.00,36862.00,18431,18431,0.00,0.00,0,0
1566916480,s5,0.00,0.00,0.00,0,0,0.00,0.00,0.00,0,0,0.00,0.00,0,0
1566916480,s1,0.00,342.00,342.00,342,0,0.00,1.00,1.00,1,0,0.00,0.00,0,0
1566916480,eth0,0.00,0.00,0.00,0,0,0.00,0.00,0.00,0,0,0.00,0.00,0,0
1566916480,eth1,0.00,0.00,0.00,0,0,0.00,0.00,0.00,0,0,0.00,0.00,0,0
1566916480,s2,0.00,342.00,342.00,342,0,0.00,1.00,1.00,1,0,0.00,0.00,0,0
1566916480,s1-eth2,152514.00,6242564.00,6395078.00,6242564,152514,2061.00,4124.00,6185.00,4124,2061,0.00,0.00,0,0
1566916480,s1-eth1,6244078.00,152588.00,6396666.00,152588,6244078,4125.00,2062.00,6187.00,2062,4125,0.00,0.00,0,0
1566916480,s3,0.00,342.00,342.00,342,0,0.00,1.00,1.00,1,0,0.00,0.00,0,0
1566916480,s2-eth2,152856.00,6241050.00,6393906.00,6241050,152856,2062.00,4123.00,6185.00,4123,2062,0.00,0.00,0,0
1566916480,s2-eth1,6242564.00,152514.00,6395078.00,152514,6242564,4124.00,2061.00,6185.00,2061,4124,0.00,0.00,0,0
1566916480,lo,1322.00,1322.00,2644.00,1322,1322,15.00,15.00,30.00,15,15,0.00,0.00,0,0
1566916480,s4,0.00,0.00,0.00,0,0,0.00,0.00,0.00,0,0,0.00,0.00,0,0
1566916480,s3-eth2,152930.00,6242222.00,6395152.00,6242222,152930,2063.00,4123.00,6186.00,4123,2063,0.00,0.00,0,0
1566916480,s3-eth1,6241050.00,152856.00,6393906.00,152856,6241050,4123.00,2062.00,6185.00,2062,4123,0.00,0.00,0,0
1566916480,total,19187314.00,19186142.00,38373456.00,19186142,19187314,18573.00,18573.00,37146.00,18573,18573,0.00,0.00,0,0
1566916481,s5,0.00,0.00,0.00,0,0,0.00,0.00,0.00,0,0,0.00,0.00,0,0
1566916481,s1,0.00,0.00,0.00,0,0,0.00,0.00,0.00,0,0,0.00,0.00,0,0
1566916481,eth0,0.00,0.00,0.00,0,0,0.00,0.00,0.00,0,0,0.00,0.00,0,0
1566916481,eth1,0.00,0.00,0.00,0,0,0.00,0.00,0.00,0,0,0.00,0.00,0,0
1566916481,s2,0.00,0.00,0.00,0,0,0.00,0.00,0.00,0,0,0.00,0.00,0,0
1566916481,s1-eth2,151108.00,6183176.00,6334284.00,6183176,151108,2042.00,4084.00,6126.00,4084,2042,0.00,0.00,0,0
1566916481,s1-eth1,6183176.00,151108.00,6334284.00,151108,6183176,4084.00,2042.00,6126.00,2042,4084,0.00,0.00,0,0
1566916481,s3,0.00,0.00,0.00,0,0,0.00,0.00,0.00,0,0,0.00,0.00,0,0
1566916481,s2-eth2,151108.00,6186204.00,6337312.00,6186204,151108,2042.00,4086.00,6128.00,4086,2042,0.00,0.00,0,0
1566916481,s2-eth1,6183176.00,151108.00,6334284.00,151108,6183176,4084.00,2042.00,6126.00,2042,4084,0.00,0.00,0,0
1566916481,lo,0.00,0.00,0.00,0,0,0.00,0.00,0.00,0,0,0.00,0.00,0,0
1566916481,s4,0.00,0.00,0.00,0,0,0.00,0.00,0.00,0,0,0.00,0.00,0,0
1566916481,s3-eth2,151108.00,6184690.00,6335798.00,6184690,151108,2042.00,4085.00,6127.00,4085,2042,0.00,0.00,0,0
1566916481,s3-eth1,6186204.00,151108.00,6337312.00,151108,6186204,4086.00,2042.00,6128.00,2042,4086,0.00,0.00,0,0
1566916481,total,19005880.00,19007394.00,38013272.00,19007394,19005880,18380.00,18381.00,36761.00,18381,18380,0.00,0.00,0,0
1566916482,s5,0.00,0.00,0.00,0,0,0.00,0.00,0.00,0,0,0.00,0.00,0,0
1566916482,s1,0.00,452.00,452.00,452,0,0.00,2.00,2.00,2,0,0.00,0.00,0,0
1566916482,eth0,380.00,598.00,978.00,598,380,5.00,5.00,10.00,5,5,0.00,0.00,0,0
1566916482,eth1,0.00,0.00,0.00,0,0,0.00,0.00,0.00,0,0,0.00,0.00,0,0
1566916482,s2,0.00,0.00,0.00,0,0,0.00,0.00,0.00,0,0,0.00,0.00,0,0
1566916482,s1-eth2,148074.00,6059480.00,6207554.00,6059480,148074,2001.00,4004.00,6005.00,4004,2001,0.00,0.00,0,0
1566916482,s1-eth1,6057966.00,148000.00,6205966.00,148000,6057966,4003.00,2000.00,6003.00,2000,4003,0.00,0.00,0,0
1566916482,s3,0.00,0.00,0.00,0,0,0.00,0.00,0.00,0,0,0.00,0.00,0,0
1566916482,s2-eth2,148074.00,6059028.00,6207102.00,6059028,148074,2001.00,4002.00,6003.00,4002,2001,0.00,0.00,0,0
1566916482,s2-eth1,6059480.00,148074.00,6207554.00,148074,6059480,4004.00,2001.00,6005.00,2001,4004,0.00,0.00,0,0
1566916482,lo,1316.00,1316.00,2632.00,1316,1316,14.00,14.00,28.00,14,14,0.00,0.00,0,0
1566916482,s4,0.00,0.00,0.00,0,0,0.00,0.00,0.00,0,0,0.00,0.00,0,0
1566916482,s3-eth2,148000.00,6059028.00,6207028.00,6059028,148000,2000.00,4002.00,6002.00,4002,2000,0.00,0.00,0,0
1566916482,s3-eth1,6059028.00,148074.00,6207102.00,148074,6059028,4002.00,2001.00,6003.00,2001,4002,0.00,0.00,0,0
1566916482,total,18622318.00,18624050.00,37246368.00,18624050,18622318,18030.00,18031.00,36061.00,18031,18030,0.00,0.00,0,0
1566916483,s5,0.00,0.00,0.00,0,0,0.00,0.00,0.00,0,0,0.00,0.00,0,0
1566916483,s1,0.00,188.00,188.00,188,0,0.00,2.00,2.00,2,0,0.00,0.00,0,0
1566916483,eth0,152.00,245.00,397.00,245,152,2.00,2.00,4.00,2,2,0.00,0.00,0,0
1566916483,eth1,0.00,0.00,0.00,0,0,0.00,0.00,0.00,0,0,0.00,0.00,0,0
1566916483,s2,0.00,0.00,0.00,0,0,0.00,0.00,0.00,0,0,0.00,0.00,0,0
1566916483,s1-eth2,150442.00,6156112.00,6306554.00,6156112,150442,2033.00,4068.00,6101.00,4068,2033,0.00,0.00,0,0
1566916483,s1-eth1,6156454.00,150516.00,6306970.00,150516,6156454,4069.00,2034.00,6103.00,2034,4069,0.00,0.00,0,0
1566916483,s3,0.00,0.00,0.00,0,0,0.00,0.00,0.00,0,0,0.00,0.00,0,0
1566916483,s2-eth2,150442.00,6157438.00,6307880.00,6157438,150442,2033.00,4067.00,6100.00,4067,2033,0.00,0.00,0,0
1566916483,s2-eth1,6156112.00,150442.00,6306554.00,150442,6156112,4068.00,2033.00,6101.00,2033,4068,0.00,0.00,0,0
1566916483,lo,925.00,925.00,1850.00,925,925,10.00,10.00,20.00,10,10,0.00,0.00,0,0
1566916483,s4,0.00,0.00,0.00,0,0,0.00,0.00,0.00,0,0,0.00,0.00,0,0
1566916483,s3-eth2,150442.00,6157438.00,6307880.00,6157438,150442,2033.00,4067.00,6100.00,4067,2033,0.00,0.00,0,0
1566916483,s3-eth1,6157438.00,150442.00,6307880.00,150442,6157438,4067.00,2033.00,6100.00,2033,4067,0.00,0.00,0,0
1566916483,total,18922408.00,18923746.00,37846152.00,18923746,18922407,18315.00,18316.00,36631.00,18316,18315,0.00,0.00,0,0
1566916484,s5,0.00,0.00,0.00,0,0,0.00,0.00,0.00,0,0,0.00,0.00,0,0
1566916484,s1,0.00,2106.00,2106.00,2106,0,0.00,11.00,11.00,11,0,0.00,0.00,0,0
1566916484,eth0,152.00,245.00,397.00,245,152,2.00,2.00,4.00,2,2,0.00,0.00,0,0
1566916484,eth1,0.00,0.00,0.00,0,0,0.00,0.00,0.00,0,0,0.00,0.00,0,0
1566916484,s2,0.00,0.00,0.00,0,0,0.00,0.00,0.00,0,0,0.00,0.00,0,0
1566916484,s1-eth2,151552.00,6200422.00,6351974.00,6200422,151552,2048.00,4105.00,6153.00,4105,2048,0.00,0.00,0,0
1566916484,s1-eth1,6201936.00,151478.00,6353414.00,151478,6201936,4106.00,2047.00,6153.00,2047,4106,0.00,0.00,0,0
1566916484,s3,0.00,0.00,0.00,0,0,0.00,0.00,0.00,0,0,0.00,0.00,0,0
1566916484,s2-eth2,151626.00,6201344.00,6352970.00,6201344,151626,2049.00,4096.00,6145.00,4096,2049,0.00,0.00,0,0
1566916484,s2-eth1,6200422.00,151552.00,6351974.00,151552,6200422,4105.00,2048.00,6153.00,2048,4105,0.00,0.00,0,0
1566916484,lo,3836.00,3836.00,7672.00,3836,3836,39.00,39.00,78.00,39,39,0.00,0.00,0,0
1566916484,s4,0.00,0.00,0.00,0,0,0.00,0.00,0.00,0,0,0.00,0.00,0,0
1566916484,s3-eth2,151626.00,6201344.00,6352970.00,6201344,151626,2049.00,4096.00,6145.00,4096,2049,0.00,0.00,0,0
1566916484,s3-eth1,6201344.00,151626.00,6352970.00,151626,6201344,4096.00,2049.00,6145.00,2049,4096,0.00,0.00,0,0
1566916484,total,19062494.00,19063952.00,38126448.00,19063953,19062494,18494.00,18493.00,36987.00,18493,18494,0.00,0.00,0,0
1566916485,s5,0.00,0.00,0.00,0,0,0.00,0.00,0.00,0,0,0.00,0.00,0,0
1566916485,s1,0.00,374.00,374.00,374,0,0.00,2.00,2.00,2,0,0.00,0.00,0,0
1566916485,eth0,152.00,245.00,397.00,245,152,2.00,2.00,4.00,2,2,0.00,0.00,0,0
1566916485,eth1,0.00,0.00,0.00,0,0,0.00,0.00,0.00,0,0,0.00,0.00,0,0
1566916485,s2,0.00,0.00,0.00,0,0,0.00,0.00,0.00,0,0,0.00,0.00,0,0
1566916485,s1-eth2,151182.00,6188092.00,6339274.00,6188092,151182,2043.00,4089.00,6132.00,4089,2043,0.00,0.00,0,0
1566916485,s1-eth1,6186578.00,151182.00,6337760.00,151182,6186578,4088.00,2043.00,6131.00,2043,4088,0.00,0.00,0,0
1566916485,s3,0.00,0.00,0.00,0,0,0.00,0.00,0.00,0,0,0.00,0.00,0,0
1566916485,s2-eth2,151108.00,6189232.00,6340340.00,6189232,151108,2042.00,4088.00,6130.00,4088,2042,0.00,0.00,0,0
1566916485,s2-eth1,6188092.00,151182.00,6339274.00,151182,6188092,4089.00,2043.00,6132.00,2043,4089,0.00,0.00,0,0
1566916485,lo,1488.00,1488.00,2976.00,1488,1488,19.00,19.00,38.00,19,19,0.00,0.00,0,0
1566916485,s4,0.00,0.00,0.00,0,0,0.00,0.00,0.00,0,0,0.00,0.00,0,0
1566916485,s3-eth2,151108.00,6189232.00,6340340.00,6189232,151108,2042.00,4088.00,6130.00,4088,2042,0.00,0.00,0,0
1566916485,s3-eth1,6189232.00,151108.00,6340340.00,151108,6189232,4088.00,2042.00,6130.00,2042,4088,0.00,0.00,0,0
1566916485,total,19018940.00,19022136.00,38041076.00,19022135,19018940,18413.00,18416.00,36829.00,18416,18413,0.00,0.00,0,0
1566916486,s5,0.00,0.00,0.00,0,0,0.00,0.00,0.00,0,0,0.00,0.00,0,0
1566916486,s1,0.00,669.00,669.00,669,0,0.00,2.00,2.00,2,0,0.00,0.00,0,0
1566916486,eth0,0.00,0.00,0.00,0,0,0.00,0.00,0.00,0,0,0.00,0.00,0,0
1566916486,eth1,0.00,0.00,0.00,0,0,0.00,0.00,0.00,0,0,0.00,0.00,0,0
1566916486,s2,0.00,0.00,0.00,0,0,0.00,0.00,0.00,0,0,0.00,0.00,0,0
1566916486,s1-eth2,152440.00,6238349.00,6390789.00,6238349,152440,2060.00,4122.00,6182.00,4122,2060,0.00,0.00,0,0
1566916486,s1-eth1,6239863.00,152440.00,6392303.00,152440,6239863,4123.00,2060.00,6183.00,2060,4123,0.00,0.00,0,0
1566916486,s3,0.00,0.00,0.00,0,0,0.00,0.00,0.00,0,0,0.00,0.00,0,0
1566916486,s2-eth2,152440.00,6239194.00,6391634.00,6239194,152440,2060.00,4121.00,6181.00,4121,2060,0.00,0.00,0,0
1566916486,s2-eth1,6238349.00,152440.00,6390789.00,152440,6238349,4122.00,2060.00,6182.00,2060,4122,0.00,0.00,0,0
1566916486,lo,652.00,652.00,1304.00,652,652,6.00,6.00,12.00,6,6,0.00,0.00,0,0
1566916486,s4,0.00,0.00,0.00,0,0,0.00,0.00,0.00,0,0,0.00,0.00,0,0
1566916486,s3-eth2,152440.00,6239194.00,6391634.00,6239194,152440,2060.00,4121.00,6181.00,4121,2060,0.00,0.00,0,0
1566916486,s3-eth1,6239194.00,152440.00,6391634.00,152440,6239194,4121.00,2060.00,6181.00,2060,4121,0.00,0.00,0,0
1566916486,total,19175378.00,19175378.00,38350756.00,19175378,19175378,18552.00,18552.00,37104.00,18552,18552,0.00,0.00,0,0
1566916487,s5,0.00,0.00,0.00,0,0,0.00,0.00,0.00,0,0,0.00,0.00,0,0
1566916487,s1,0.00,374.00,374.00,374,0,0.00,2.00,2.00,2,0,0.00,0.00,0,0
1566916487,eth0,60.00,60.00,120.00,60,60,1.00,1.00,2.00,1,1,0.00,0.00,0,0
1566916487,eth1,0.00,0.00,0.00,0,0,0.00,0.00,0.00,0,0,0.00,0.00,0,0
1566916487,s2,0.00,0.00,0.00,0,0,0.00,0.00,0.00,0,0,0.00,0.00,0,0
1566916487,s1-eth2,150516.00,6162354.00,6312870.00,6162354,150516,2034.00,4072.00,6106.00,4072,2034,0.00,0.00,0,0
1566916487,s1-eth1,6160840.00,150590.00,6311430.00,150590,6160840,4071.00,2035.00,6106.00,2035,4071,0.00,0.00,0,0
1566916487,s3,0.00,0.00,0.00,0,0,0.00,0.00,0.00,0,0,0.00,0.00,0,0
1566916487,s2-eth2,150590.00,6163494.00,6314084.00,6163494,150590,2035.00,4071.00,6106.00,4071,2035,0.00,0.00,0,0
1566916487,s2-eth1,6162354.00,150516.00,6312870.00,150516,6162354,4072.00,2034.00,6106.00,2034,4072,0.00,0.00,0,0
1566916487,lo,631.00,631.00,1262.00,631,631,6.00,6.00,12.00,6,6,0.00,0.00,0,0
1566916487,s4,0.00,0.00,0.00,0,0,0.00,0.00,0.00,0,0,0.00,0.00,0,0
1566916487,s3-eth2,150590.00,6165008.00,6315598.00,6165008,150590,2035.00,4072.00,6107.00,4072,2035,0.00,0.00,0,0
1566916487,s3-eth1,6163494.00,150590.00,6314084.00,150590,6163494,4071.00,2035.00,6106.00,2035,4071,0.00,0.00,0,0
1566916487,total,18939076.00,18943616.00,37882692.00,18943617,18939075,18325.00,18328.00,36653.00,18328,18325,0.00,0.00,0,0
1566916488,s5,0.00,0.00,0.00,0,0,0.00,0.00,0.00,0,0,0.00,0.00,0,0
1566916488,s1,0.00,739.00,739.00,739,0,0.00,3.00,3.00,3,0,0.00,0.00,0,0
1566916488,eth0,0.00,0.00,0.00,0,0,0.00,0.00,0.00,0,0,0.00,0.00,0,0
1566916488,eth1,0.00,0.00,0.00,0,0,0.00,0.00,0.00,0,0,0.00,0.00,0,0
1566916488,s2,0.00,0.00,0.00,0,0,0.00,0.00,0.00,0,0,0.00,0.00,0,0
1566916488,s1-eth2,152070.00,6220251.00,6372321.00,6220251,152070,2055.00,4111.00,6166.00,4111,2055,0.00,0.00,0,0
1566916488,s1-eth1,6221765.00,152070.00,6373835.00,152070,6221765,4112.00,2055.00,6167.00,2055,4112,0.00,0.00,0,0
1566916488,s3,0.00,0.00,0.00,0,0,0.00,0.00,0.00,0,0,0.00,0.00,0,0
1566916488,s2-eth2,151996.00,6219512.00,6371508.00,6219512,151996,2054.00,4108.00,6162.00,4108,2054,0.00,0.00,0,0
1566916488,s2-eth1,6220251.00,152070.00,6372321.00,152070,6220251,4111.00,2055.00,6166.00,2055,4111,0.00,0.00,0,0
1566916488,lo,920.00,920.00,1840.00,920,920,9.00,9.00,18.00,9,9,0.00,0.00,0,0
1566916488,s4,0.00,0.00,0.00,0,0,0.00,0.00,0.00,0,0,0.00,0.00,0,0
1566916488,s3-eth2,151996.00,6219512.00,6371508.00,6219512,151996,2054.00,4108.00,6162.00,4108,2054,0.00,0.00,0,0
1566916488,s3-eth1,6219512.00,151996.00,6371508.00,151996,6219512,4108.00,2054.00,6162.00,2054,4108,0.00,0.00,0,0
1566916488,total,19118510.00,19117070.00,38235580.00,19117070,19118510,18503.00,18503.00,37006.00,18503,18503,0.00,0.00,0,0
1566916489,s5,0.00,0.00,0.00,0,0,0.00,0.00,0.00,0,0,0.00,0.00,0,0
1566916489,s1,0.00,0.00,0.00,0,0,0.00,0.00,0.00,0,0,0.00,0.00,0,0
1566916489,eth0,0.00,0.00,0.00,0,0,0.00,0.00,0.00,0,0,0.00,0.00,0,0
1566916489,eth1,0.00,0.00,0.00,0,0,0.00,0.00,0.00,0,0,0.00,0.00,0,0
1566916489,s2,0.00,0.00,0.00,0,0,0.00,0.00,0.00,0,0,0.00,0.00,0,0
1566916489,s1-eth2,152366.00,6237680.00,6390046.00,6237680,152366,2059.00,4120.00,6179.00,4120,2059,0.00,0.00,0,0
1566916489,s1-eth1,6236166.00,152366.00,6388532.00,152366,6236166,4119.00,2059.00,6178.00,2059,4119,0.00,0.00,0,0
1566916489,s3,0.00,0.00,0.00,0,0,0.00,0.00,0.00,0,0,0.00,0.00,0,0
1566916489,s2-eth2,152366.00,6237680.00,6390046.00,6237680,152366,2059.00,4120.00,6179.00,4120,2059,0.00,0.00,0,0
1566916489,s2-eth1,6237680.00,152366.00,6390046.00,152366,6237680,4120.00,2059.00,6179.00,2059,4120,0.00,0.00,0,0
1566916489,lo,172.00,172.00,344.00,172,172,3.00,3.00,6.00,3,3,0.00,0.00,0,0
1566916489,s4,0.00,0.00,0.00,0,0,0.00,0.00,0.00,0,0,0.00,0.00,0,0
1566916489,s3-eth2,152782.00,6239194.00,6391976.00,6239194,152782,2061.00,4121.00,6182.00,4121,2061,0.00,0.00,0,0
1566916489,s3-eth1,6237680.00,152366.00,6390046.00,152366,6237680,4120.00,2059.00,6179.00,2059,4120,0.00,0.00,0,0
1566916489,total,19169212.00,19171824.00,38341036.00,19171824,19169212,18541.00,18541.00,37082.00,18541,18541,0.00,0.00,0,0
1566916490,s5,0.00,0.00,0.00,0,0,0.00,0.00,0.00,0,0,0.00,0.00,0,0
1566916490,s1,0.00,0.00,0.00,0,0,0.00,0.00,0.00,0,0,0.00,0.00,0,0
1566916490,eth0,0.00,0.00,0.00,0,0,0.00,0.00,0.00,0,0,0.00,0.00,0,0
1566916490,eth1,0.00,0.00,0.00,0,0,0.00,0.00,0.00,0,0,0.00,0.00,0,0
1566916490,s2,0.00,342.00,342.00,342,0,0.00,1.00,1.00,1,0,0.00,0.00,0,0
1566916490,s1-eth2,150636.00,6149868.00,6300504.00,6149868,150636,2032.00,4062.00,6094.00,4062,2032,0.00,0.00,0,0
1566916490,s1-eth1,6149868.00,150294.00,6300162.00,150294,6149868,4062.00,2031.00,6093.00,2031,4062,0.00,0.00,0,0
1566916490,s3,0.00,342.00,342.00,342,0,0.00,1.00,1.00,1,0,0.00,0.00,0,0
1566916490,s2-eth2,150710.00,6146840.00,6297550.00,6146840,150710,2033.00,4060.00,6093.00,4060,2033,0.00,0.00,0,0
1566916490,s2-eth1,6149868.00,150636.00,6300504.00,150636,6149868,4062.00,2032.00,6094.00,2032,4062,0.00,0.00,0,0
1566916490,lo,1168.00,1168.00,2336.00,1168,1168,15.00,15.00,30.00,15,15,0.00,0.00,0,0
1566916490,s4,0.00,0.00,0.00,0,0,0.00,0.00,0.00,0,0,0.00,0.00,0,0
1566916490,s3-eth2,150636.00,6143812.00,6294448.00,6143812,150636,2032.00,4058.00,6090.00,4058,2032,0.00,0.00,0,0
1566916490,s3-eth1,6146840.00,150710.00,6297550.00,150710,6146840,4060.00,2033.00,6093.00,2033,4060,0.00,0.00,0,0
1566916490,total,18899726.00,18894012.00,37793736.00,18894012,18899726,18296.00,18293.00,36589.00,18293,18296,0.00,0.00,0,0
1566916491,s5,0.00,0.00,0.00,0,0,0.00,0.00,0.00,0,0,0.00,0.00,0,0
1566916491,s1,0.00,107.00,107.00,107,0,0.00,1.00,1.00,1,0,0.00,0.00,0,0
1566916491,eth0,0.00,0.00,0.00,0,0,0.00,0.00,0.00,0,0,0.00,0.00,0,0
1566916491,eth1,0.00,0.00,0.00,0,0,0.00,0.00,0.00,0,0,0.00,0.00,0,0
1566916491,s2,0.00,107.00,107.00,107,0,0.00,1.00,1.00,1,0,0.00,0.00,0,0
1566916491,s1-eth2,152621.00,6236273.00,6388894.00,6236273,152621,2062.00,4120.00,6182.00,4120,2062,0.00,0.00,0,0
1566916491,s1-eth1,6236380.00,152514.00,6388894.00,152514,6236380,4121.00,2061.00,6182.00,2061,4121,0.00,0.00,0,0
1566916491,s3,0.00,107.00,107.00,107,0,0.00,1.00,1.00,1,0,0.00,0.00,0,0
1566916491,s2-eth2,152547.00,6236166.00,6388713.00,6236166,152547,2061.00,4119.00,6180.00,4119,2061,0.00,0.00,0,0
1566916491,s2-eth1,6236273.00,152621.00,6388894.00,152621,6236273,4120.00,2062.00,6182.00,2062,4120,0.00,0.00,0,0
1566916491,lo,915.00,915.00,1830.00,915,915,9.00,9.00,18.00,9,9,0.00,0.00,0,0
1566916491,s4,0.00,0.00,0.00,0,0,0.00,0.00,0.00,0,0,0.00,0.00,0,0
1566916491,s3-eth2,152621.00,6236166.00,6388787.00,6236166,152621,2062.00,4119.00,6181.00,4119,2062,0.00,0.00,0,0
1566916491,s3-eth1,6236166.00,152547.00,6388713.00,152547,6236166,4119.00,2061.00,6180.00,2061,4119,0.00,0.00,0,0
1566916491,total,19167524.00,19167524.00,38335048.00,19167523,19167523,18554.00,18554.00,37108.00,18554,18554,0.00,0.00,0,0
1566916492,s5,0.00,0.00,0.00,0,0,0.00,0.00,0.00,0,0,0.00,0.00,0,0
1566916492,s1,0.00,519.00,519.00,519,0,0.00,3.00,3.00,3,0,0.00,0.00,0,0
1566916492,eth0,0.00,0.00,0.00,0,0,0.00,0.00,0.00,0,0,0.00,0.00,0,0
1566916492,eth1,0.00,0.00,0.00,0,0,0.00,0.00,0.00,0,0,0.00,0.00,0,0
1566916492,s2,0.00,107.00,107.00,107,0,0.00,1.00,1.00,1,0,0.00,0.00,0,0
1566916492,s1-eth2,150812.00,6174611.00,6325423.00,6174611,150812,2038.00,4081.00,6119.00,4081,2038,0.00,0.00,0,0
1566916492,s1-eth1,6176125.00,150812.00,6326937.00,150812,6176125,4082.00,2038.00,6120.00,2038,4082,0.00,0.00,0,0
1566916492,s3,0.00,107.00,107.00,107,0,0.00,1.00,1.00,1,0,0.00,0.00,0,0
1566916492,s2-eth2,150919.00,6174199.00,6325118.00,6174199,150919,2039.00,4079.00,6118.00,4079,2039,0.00,0.00,0,0
1566916492,s2-eth1,6174611.00,150812.00,6325423.00,150812,6174611,4081.00,2038.00,6119.00,2038,4081,0.00,0.00,0,0
1566916492,lo,1509.00,1509.00,3018.00,1509,1509,15.00,15.00,30.00,15,15,0.00,0.00,0,0
1566916492,s4,0.00,0.00,0.00,0,0,0.00,0.00,0.00,0,0,0.00,0.00,0,0
1566916492,s3-eth2,151026.00,6177120.00,6328146.00,6177120,151026,2040.00,4080.00,6120.00,4080,2040,0.00,0.00,0,0
1566916492,s3-eth1,6174199.00,150919.00,6325118.00,150919,6174199,4079.00,2039.00,6118.00,2039,4079,0.00,0.00,0,0
1566916492,total,18979200.00,18980716.00,37959916.00,18980715,18979201,18374.00,18375.00,36749.00,18375,18374,0.00,0.00,0,0
1566916493,s5,0.00,0.00,0.00,0,0,0.00,0.00,0.00,0,0,0.00,0.00,0,0
1566916493,s1,0.00,0.00,0.00,0,0,0.00,0.00,0.00,0,0,0.00,0.00,0,0
1566916493,eth0,0.00,0.00,0.00,0,0,0.00,0.00,0.00,0,0,0.00,0.00,0,0
1566916493,eth1,0.00,0.00,0.00,0,0,0.00,0.00,0.00,0,0,0.00,0.00,0,0
1566916493,s2,0.00,0.00,0.00,0,0,0.00,0.00,0.00,0,0,0.00,0.00,0,0
1566916493,s1-eth2,146002.00,5977272.00,6123274.00,5977272,146002,1973.00,3948.00,5921.00,3948,1973,0.00,0.00,0,0
1566916493,s1-eth1,5974244.00,146002.00,6120246.00,146002,5974244,3946.00,1973.00,5919.00,1973,3946,0.00,0.00,0,0
1566916493,s3,0.00,0.00,0.00,0,0,0.00,0.00,0.00,0,0,0.00,0.00,0,0
1566916493,s2-eth2,146076.00,5975758.00,6121834.00,5975758,146076,1974.00,3947.00,5921.00,3947,1974,0.00,0.00,0,0
1566916493,s2-eth1,5978786.00,146076.00,6124862.00,146076,5978786,3949.00,1974.00,5923.00,1974,3949,0.00,0.00,0,0
1566916493,lo,0.00,0.00,0.00,0,0,0.00,0.00,0.00,0,0,0.00,0.00,0,0
1566916493,s4,0.00,0.00,0.00,0,0,0.00,0.00,0.00,0,0,0.00,0.00,0,0
1566916493,s3-eth2,146002.00,5980300.00,6126302.00,5980300,146002,1973.00,3950.00,5923.00,3950,1973,0.00,0.00,0,0
1566916493,s3-eth1,5977272.00,146076.00,6123348.00,146076,5977272,3948.00,1974.00,5922.00,1974,3948,0.00,0.00,0,0
1566916493,total,18368382.00,18371484.00,36739864.00,18371484,18368382,17763.00,17766.00,35529.00,17766,17763,0.00,0.00,0,0
1566916494,s5,0.00,0.00,0.00,0,0,0.00,0.00,0.00,0,0,0.00,0.00,0,0
1566916494,s1,0.00,0.00,0.00,0,0,0.00,0.00,0.00,0,0,0.00,0.00,0,0
1566916494,eth0,0.00,0.00,0.00,0,0,0.00,0.00,0.00,0,0,0.00,0.00,0,0
1566916494,eth1,0.00,0.00,0.00,0,0,0.00,0.00,0.00,0,0,0.00,0.00,0,0
1566916494,s2,0.00,0.00,0.00,0,0,0.00,0.00,0.00,0,0,0.00,0.00,0,0
1566916494,s1-eth2,151594.00,6199872.00,6351466.00,6199872,151594,2049.00,4096.00,6145.00,4096,2049,0.00,0.00,0,0
1566916494,s1-eth1,6199872.00,151594.00,6351466.00,151594,6199872,4096.00,2049.00,6145.00,2049,4096,0.00,0.00,0,0
1566916494,s3,0.00,0.00,0.00,0,0,0.00,0.00,0.00,0,0,0.00,0.00,0,0
1566916494,s2-eth2,151520.00,6201386.00,6352906.00,6201386,151520,2048.00,4097.00,6145.00,4097,2048,0.00,0.00,0,0
1566916494,s2-eth1,6198358.00,151520.00,6349878.00,151520,6198358,4095.00,2048.00,6143.00,2048,4095,0.00,0.00,0,0
1566916494,lo,888.00,888.00,1776.00,888,888,9.00,9.00,18.00,9,9,0.00,0.00,0,0
1566916494,s4,0.00,0.00,0.00,0,0,0.00,0.00,0.00,0,0,0.00,0.00,0,0
1566916494,s3-eth2,151594.00,6196844.00,6348438.00,6196844,151594,2049.00,4094.00,6143.00,4094,2049,0.00,0.00,0,0
1566916494,s3-eth1,6199872.00,151520.00,6351392.00,151520,6199872,4096.00,2048.00,6144.00,2048,4096,0.00,0.00,0,0
1566916494,total,19053698.00,19053624.00,38107320.00,19053624,19053698,18442.00,18441.00,36883.00,18441,18442,0.00,0.00,0,0
1566916495,s5,0.00,0.00,0.00,0,0,0.00,0.00,0.00,0,0,0.00,0.00,0,0
1566916495,s1,0.00,0.00,0.00,0,0,0.00,0.00,0.00,0,0,0.00,0.00,0,0
1566916495,eth0,0.00,0.00,0.00,0,0,0.00,0.00,0.00,0,0,0.00,0.00,0,0
1566916495,eth1,0.00,0.00,0.00,0,0,0.00,0.00,0.00,0,0,0.00,0.00,0,0
1566916495,s2,0.00,0.00,0.00,0,0,0.00,0.00,0.00,0,0,0.00,0.00,0,0
1566916495,s1-eth2,148444.00,6074168.00,6222612.00,6074168,148444,2006.00,4012.00,6018.00,4012,2006,0.00,0.00,0,0
1566916495,s1-eth1,6074168.00,148370.00,6222538.00,148370,6074168,4012.00,2005.00,6017.00,2005,4012,0.00,0.00,0,0
1566916495,s3,0.00,342.00,342.00,342,0,0.00,1.00,1.00,1,0,0.00,0.00,0,0
1566916495,s2-eth2,148786.00,6074168.00,6222954.00,6074168,148786,2007.00,4012.00,6019.00,4012,2007,0.00,0.00,0,0
1566916495,s2-eth1,6074168.00,148444.00,6222612.00,148444,6074168,4012.00,2006.00,6018.00,2006,4012,0.00,0.00,0,0
1566916495,lo,670.00,670.00,1340.00,670,670,9.00,9.00,18.00,9,9,0.00,0.00,0,0
1566916495,s4,0.00,0.00,0.00,0,0,0.00,0.00,0.00,0,0,0.00,0.00,0,0
1566916495,s3-eth2,148712.00,6074168.00,6222880.00,6074168,148712,2006.00,4012.00,6018.00,4012,2006,0.00,0.00,0,0
1566916495,s3-eth1,6074168.00,148786.00,6222954.00,148786,6074168,4012.00,2007.00,6019.00,2007,4012,0.00,0.00,0,0
1566916495,total,18669116.00,18669116.00,37338232.00,18669116,18669116,18064.00,18064.00,36128.00,18064,18064,0.00,0.00,0,0
1566916496,s5,0.00,0.00,0.00,0,0,0.00,0.00,0.00,0,0,0.00,0.00,0,0
1566916496,s1,0.00,342.00,342.00,342,0,0.00,1.00,1.00,1,0,0.00,0.00,0,0
1566916496,eth0,0.00,0.00,0.00,0,0,0.00,0.00,0.00,0,0,0.00,0.00,0,0
1566916496,eth1,0.00,0.00,0.00,0,0,0.00,0.00,0.00,0,0,0.00,0.00,0,0
1566916496,s2,0.00,342.00,342.00,342,0,0.00,1.00,1.00,1,0,0.00,0.00,0,0
1566916496,s1-eth2,147038.00,6020006.00,6167044.00,6020006,147038,1987.00,3977.00,5964.00,3977,1987,0.00,0.00,0,0
1566916496,s1-eth1,6020006.00,147112.00,6167118.00,147112,6020006,3977.00,1988.00,5965.00,1988,3977,0.00,0.00,0,0
1566916496,s3,0.00,0.00,0.00,0,0,0.00,0.00,0.00,0,0,0.00,0.00,0,0
1566916496,s2-eth2,147112.00,6020006.00,6167118.00,6020006,147112,1988.00,3977.00,5965.00,3977,1988,0.00,0.00,0,0
1566916496,s2-eth1,6020006.00,147038.00,6167044.00,147038,6020006,3977.00,1987.00,5964.00,1987,3977,0.00,0.00,0,0
1566916496,lo,652.00,652.00,1304.00,652,652,6.00,6.00,12.00,6,6,0.00,0.00,0,0
1566916496,s4,0.00,0.00,0.00,0,0,0.00,0.00,0.00,0,0,0.00,0.00,0,0
1566916496,s3-eth2,147112.00,6022692.00,6169804.00,6022692,147112,1988.00,3978.00,5966.00,3978,1988,0.00,0.00,0,0
1566916496,s3-eth1,6020006.00,147112.00,6167118.00,147112,6020006,3977.00,1988.00,5965.00,1988,3977,0.00,0.00,0,0
1566916496,total,18501932.00,18505302.00,37007232.00,18505302,18501932,17900.00,17903.00,35803.00,17903,17900,0.00,0.00,0,0
1566916497,s5,0.00,0.00,0.00,0,0,0.00,0.00,0.00,0,0,0.00,0.00,0,0
1566916497,s1,0.00,0.00,0.00,0,0,0.00,0.00,0.00,0,0,0.00,0.00,0,0
1566916497,eth0,0.00,0.00,0.00,0,0,0.00,0.00,0.00,0,0,0.00,0.00,0,0
1566916497,eth1,0.00,0.00,0.00,0,0,0.00,0.00,0.00,0,0,0.00,0.00,0,0
1566916497,s2,0.00,0.00,0.00,0,0,0.00,0.00,0.00,0,0,0.00,0.00,0,0
1566916497,s1-eth2,149776.00,6127158.00,6276934.00,6127158,149776,2024.00,4047.00,6071.00,4047,2024,0.00,0.00,0,0
1566916497,s1-eth1,6127158.00,149776.00,6276934.00,149776,6127158,4047.00,2024.00,6071.00,2024,4047,0.00,0.00,0,0
1566916497,s3,0.00,0.00,0.00,0,0,0.00,0.00,0.00,0,0,0.00,0.00,0,0
1566916497,s2-eth2,149776.00,6127158.00,6276934.00,6127158,149776,2024.00,4047.00,6071.00,4047,2024,0.00,0.00,0,0
1566916497,s2-eth1,6127158.00,149776.00,6276934.00,149776,6127158,4047.00,2024.00,6071.00,2024,4047,0.00,0.00,0,0
1566916497,lo,0.00,0.00,0.00,0,0,0.00,0.00,0.00,0,0,0.00,0.00,0,0
1566916497,s4,0.00,0.00,0.00,0,0,0.00,0.00,0.00,0,0,0.00,0.00,0,0
1566916497,s3-eth2,149776.00,6127158.00,6276934.00,6127158,149776,2024.00,4047.00,6071.00,4047,2024,0.00,0.00,0,0
1566916497,s3-eth1,6127158.00,149776.00,6276934.00,149776,6127158,4047.00,2024.00,6071.00,2024,4047,0.00,0.00,0,0
1566916497,total,18830802.00,18830802.00,37661604.00,18830802,18830802,18213.00,18213.00,36426.00,18213,18213,0.00,0.00,0,0
1566916498,s5,0.00,0.00,0.00,0,0,0.00,0.00,0.00,0,0,0.00,0.00,0,0
1566916498,s1,0.00,0.00,0.00,0,0,0.00,0.00,0.00,0,0,0.00,0.00,0,0
1566916498,eth0,0.00,0.00,0.00,0,0,0.00,0.00,0.00,0,0,0.00,0.00,0,0
1566916498,eth1,0.00,0.00,0.00,0,0,0.00,0.00,0.00,0,0,0.00,0.00,0,0
1566916498,s2,0.00,0.00,0.00,0,0,0.00,0.00,0.00,0,0,0.00,0.00,0,0
1566916498,s1-eth2,150516.00,6155924.00,6306440.00,6155924,150516,2034.00,4066.00,6100.00,4066,2034,0.00,0.00,0,0
1566916498,s1-eth1,6157438.00,150516.00,6307954.00,150516,6157438,4067.00,2034.00,6101.00,2034,4067,0.00,0.00,0,0
1566916498,s3,0.00,0.00,0.00,0,0,0.00,0.00,0.00,0,0,0.00,0.00,0,0
1566916498,s2-eth2,150442.00,6160466.00,6310908.00,6160466,150442,2033.00,4069.00,6102.00,4069,2033,0.00,0.00,0,0
1566916498,s2-eth1,6155924.00,150516.00,6306440.00,150516,6155924,4066.00,2034.00,6100.00,2034,4066,0.00,0.00,0,0
1566916498,lo,0.00,0.00,0.00,0,0,0.00,0.00,0.00,0,0,0.00,0.00,0,0
1566916498,s4,0.00,0.00,0.00,0,0,0.00,0.00,0.00,0,0,0.00,0.00,0,0
1566916498,s3-eth2,150516.00,6157438.00,6307954.00,6157438,150516,2034.00,4067.00,6101.00,4067,2034,0.00,0.00,0,0
1566916498,s3-eth1,6160466.00,150442.00,6310908.00,150442,6160466,4069.00,2033.00,6102.00,2033,4069,0.00,0.00,0,0
1566916498,total,18925302.00,18925302.00,37850604.00,18925302,18925302,18303.00,18303.00,36606.00,18303,18303,0.00,0.00,0,0
1566916499,s5,0.00,0.00,0.00,0,0,0.00,0.00,0.00,0,0,0.00,0.00,0,0
1566916499,s1,0.00,107.00,107.00,107,0,0.00,1.00,1.00,1,0,0.00,0.00,0,0
1566916499,eth0,0.00,0.00,0.00,0,0,0.00,0.00,0.00,0,0,0.00,0.00,0,0
1566916499,eth1,0.00,0.00,0.00,0,0,0.00,0.00,0.00,0,0,0.00,0.00,0,0
1566916499,s2,0.00,0.00,0.00,0,0,0.00,0.00,0.00,0,0,0.00,0.00,0,0
1566916499,s1-eth2,152440.00,6236273.00,6388713.00,6236273,152440,2060.00,4120.00,6180.00,4120,2060,0.00,0.00,0,0
1566916499,s1-eth1,6236615.00,152366.00,6388981.00,152366,6236615,4121.00,2059.00,6180.00,2059,4121,0.00,0.00,0,0
1566916499,s3,0.00,0.00,0.00,0,0,0.00,0.00,0.00,0,0,0.00,0.00,0,0
1566916499,s2-eth2,152440.00,6236166.00,6388606.00,6236166,152440,2060.00,4119.00,6179.00,4119,2060,0.00,0.00,0,0
1566916499,s2-eth1,6236273.00,152440.00,6388713.00,152440,6236273,4120.00,2060.00,6180.00,2060,4120,0.00,0.00,0,0
1566916499,lo,305.00,305.00,610.00,305,305,3.00,3.00,6.00,3,3,0.00,0.00,0,0
1566916499,s4,0.00,0.00,0.00,0,0,0.00,0.00,0.00,0,0,0.00,0.00,0,0
1566916499,s3-eth2,152366.00,6236166.00,6388532.00,6236166,152366,2059.00,4119.00,6178.00,4119,2059,0.00,0.00,0,0
1566916499,s3-eth1,6236166.00,152440.00,6388606.00,152440,6236166,4119.00,2060.00,6179.00,2060,4119,0.00,0.00,0,0
1566916499,total,19166604.00,19166264.00,38332868.00,19166263,19166605,18542.00,18541.00,37083.00,18541,18542,0.00,0.00,0,0
1566916500,s5,0.00,0.00,0.00,0,0,0.00,0.00,0.00,0,0,0.00,0.00,0,0
1566916500,s1,0.00,0.00,0.00,0,0,0.00,0.00,0.00,0,0,0.00,0.00,0,0
1566916500,eth0,0.00,0.00,0.00,0,0,0.00,0.00,0.00,0,0,0.00,0.00,0,0
1566916500,eth1,0.00,0.00,0.00,0,0,0.00,0.00,0.00,0,0,0.00,0.00,0,0
1566916500,s2,0.00,0.00,0.00,0,0,0.00,0.00,0.00,0,0,0.00,0.00,0,0
1566916500,s1-eth2,151700.00,6210428.00,6362128.00,6210428,151700,2050.00,4102.00,6152.00,4102,2050,0.00,0.00,0,0
1566916500,s1-eth1,6210428.00,151774.00,6362202.00,151774,6210428,4102.00,2051.00,6153.00,2051,4102,0.00,0.00,0,0
1566916500,s3,0.00,0.00,0.00,0,0,0.00,0.00,0.00,0,0,0.00,0.00,0,0
1566916500,s2-eth2,151774.00,6210428.00,6362202.00,6210428,151774,2051.00,4102.00,6153.00,4102,2051,0.00,0.00,0,0
1566916500,s2-eth1,6210428.00,151700.00,6362128.00,151700,6210428,4102.00,2050.00,6152.00,2050,4102,0.00,0.00,0,0
1566916500,lo,688.00,688.00,1376.00,688,688,12.00,12.00,24.00,12,12,0.00,0.00,0,0
1566916500,s4,0.00,0.00,0.00,0,0,0.00,0.00,0.00,0,0,0.00,0.00,0,0
1566916500,s3-eth2,151774.00,6211942.00,6363716.00,6211942,151774,2051.00,4103.00,6154.00,4103,2051,0.00,0.00,0,0
1566916500,s3-eth1,6210428.00,151774.00,6362202.00,151774,6210428,4102.00,2051.00,6153.00,2051,4102,0.00,0.00,0,0
1566916500,total,19087220.00,19088734.00,38175952.00,19088734,19087220,18470.00,18471.00,36941.00,18471,18470,0.00,0.00,0,0
1566916501,s5,0.00,0.00,0.00,0,0,0.00,0.00,0.00,0,0,0.00,0.00,0,0
1566916501,s1,0.00,342.00,342.00,342,0,0.00,1.00,1.00,1,0,0.00,0.00,0,0
1566916501,eth0,0.00,0.00,0.00,0,0,0.00,0.00,0.00,0,0,0.00,0.00,0,0
1566916501,eth1,0.00,0.00,0.00,0,0,0.00,0.00,0.00,0,0,0.00,0.00,0,0
1566916501,s2,0.00,0.00,0.00,0,0,0.00,0.00,0.00,0,0,0.00,0.00,0,0
1566916501,s1-eth2,152514.00,6241050.00,6393564.00,6241050,152514,2061.00,4123.00,6184.00,4123,2061,0.00,0.00,0,0
1566916501,s1-eth1,6241050.00,152514.00,6393564.00,152514,6241050,4123.00,2061.00,6184.00,2061,4123,0.00,0.00,0,0
1566916501,s3,0.00,0.00,0.00,0,0,0.00,0.00,0.00,0,0,0.00,0.00,0,0
1566916501,s2-eth2,152514.00,6242222.00,6394736.00,6242222,152514,2061.00,4123.00,6184.00,4123,2061,0.00,0.00,0,0
1566916501,s2-eth1,6241050.00,152514.00,6393564.00,152514,6241050,4123.00,2061.00,6184.00,2061,4123,0.00,0.00,0,0
1566916501,lo,326.00,326.00,652.00,326,326,3.00,3.00,6.00,3,3,0.00,0.00,0,0
1566916501,s4,0.00,0.00,0.00,0,0,0.00,0.00,0.00,0,0,0.00,0.00,0,0
1566916501,s3-eth2,152514.00,6242222.00,6394736.00,6242222,152514,2061.00,4123.00,6184.00,4123,2061,0.00,0.00,0,0
1566916501,s3-eth1,6242222.00,152514.00,6394736.00,152514,6242222,4123.00,2061.00,6184.00,2061,4123,0.00,0.00,0,0
1566916501,total,19182190.00,19183704.00,38365896.00,19183704,19182190,18555.00,18556.00,37111.00,18556,18555,0.00,0.00,0,0
1566916502,s5,0.00,0.00,0.00,0,0,0.00,0.00,0.00,0,0,0.00,0.00,0,0
1566916502,s1,0.00,0.00,0.00,0,0,0.00,0.00,0.00,0,0,0.00,0.00,0,0
1566916502,eth0,0.00,0.00,0.00,0,0,0.00,0.00,0.00,0,0,0.00,0.00,0,0
1566916502,eth1,0.00,0.00,0.00,0,0,0.00,0.00,0.00,0,0,0.00,0.00,0,0
1566916502,s2,0.00,0.00,0.00,0,0,0.00,0.00,0.00,0,0,0.00,0.00,0,0
1566916502,s1-eth2,149924.00,6139270.00,6289194.00,6139270,149924,2026.00,4055.00,6081.00,4055,2026,0.00,0.00,0,0
1566916502,s1-eth1,6133214.00,149850.00,6283064.00,149850,6133214,4051.00,2025.00,6076.00,2025,4051,0.00,0.00,0,0
1566916502,s3,0.00,0.00,0.00,0,0,0.00,0.00,0.00,0,0,0.00,0.00,0,0
1566916502,s2-eth2,149850.00,6133214.00,6283064.00,6133214,149850,2025.00,4051.00,6076.00,4051,2025,0.00,0.00,0,0
1566916502,s2-eth1,6139270.00,149924.00,6289194.00,149924,6139270,4055.00,2026.00,6081.00,2026,4055,0.00,0.00,0,0
1566916502,lo,0.00,0.00,0.00,0,0,0.00,0.00,0.00,0,0,0.00,0.00,0,0
1566916502,s4,0.00,0.00,0.00,0,0,0.00,0.00,0.00,0,0,0.00,0.00,0,0
1566916502,s3-eth2,150192.00,6134728.00,6284920.00,6134728,150192,2026.00,4052.00,6078.00,4052,2026,0.00,0.00,0,0
1566916502,s3-eth1,6133214.00,149850.00,6283064.00,149850,6133214,4051.00,2025.00,6076.00,2025,4051,0.00,0.00,0,0
1566916502,total,18855664.00,18856836.00,37712500.00,18856836,18855664,18234.00,18234.00,36468.00,18234,18234,0.00,0.00,0,0
1566916503,s5,0.00,0.00,0.00,0,0,0.00,0.00,0.00,0,0,0.00,0.00,0,0
1566916503,s1,0.00,0.00,0.00,0,0,0.00,0.00,0.00,0,0,0.00,0.00,0,0
1566916503,eth0,0.00,0.00,0.00,0,0,0.00,0.00,0.00,0,0,0.00,0.00,0,0
1566916503,eth1,0.00,0.00,0.00,0,0,0.00,0.00,0.00,0,0,0.00,0.00,0,0
1566916503,s2,0.00,0.00,0.00,0,0,0.00,0.00,0.00,0,0,0.00,0.00,0,0
1566916503,s1-eth2,149332.00,6115046.00,6264378.00,6115046,149332,2018.00,4039.00,6057.00,4039,2018,0.00,0.00,0,0
1566916503,s1-eth1,6116560.00,149480.00,6266040.00,149480,6116560,4040.00,2020.00,6060.00,2020,4040,0.00,0.00,0,0
1566916503,s3,0.00,0.00,0.00,0,0,0.00,0.00,0.00,0,0,0.00,0.00,0,0
1566916503,s2-eth2,149480.00,6115046.00,6264526.00,6115046,149480,2020.00,4039.00,6059.00,4039,2020,0.00,0.00,0,0
1566916503,s2-eth1,6115046.00,149332.00,6264378.00,149332,6115046,4039.00,2018.00,6057.00,2018,4039,0.00,0.00,0,0
1566916503,lo,0.00,0.00,0.00,0,0,0.00,0.00,0.00,0,0,0.00,0.00,0,0
1566916503,s4,0.00,0.00,0.00,0,0,0.00,0.00,0.00,0,0,0.00,0.00,0,0
1566916503,s3-eth2,149480.00,6115046.00,6264526.00,6115046,149480,2020.00,4039.00,6059.00,4039,2020,0.00,0.00,0,0
1566916503,s3-eth1,6115046.00,149480.00,6264526.00,149480,6115046,4039.00,2020.00,6059.00,2020,4039,0.00,0.00,0,0
1566916503,total,18794944.00,18793430.00,37588376.00,18793430,18794944,18176.00,18175.00,36351.00,18175,18176,0.00,0.00,0,0
1566916504,s5,0.00,0.00,0.00,0,0,0.00,0.00,0.00,0,0,0.00,0.00,0,0
1566916504,s1,0.00,0.00,0.00,0,0,0.00,0.00,0.00,0,0,0.00,0.00,0,0
1566916504,eth0,0.00,0.00,0.00,0,0,0.00,0.00,0.00,0,0,0.00,0.00,0,0
1566916504,eth1,0.00,0.00,0.00,0,0,0.00,0.00,0.00,0,0,0.00,0.00,0,0
1566916504,s2,0.00,0.00,0.00,0,0,0.00,0.00,0.00,0,0,0.00,0.00,0,0
1566916504,s1-eth2,147112.00,6009066.00,6156178.00,6009066,147112,1988.00,3969.00,5957.00,3969,1988,0.00,0.00,0,0
1566916504,s1-eth1,6015122.00,147038.00,6162160.00,147038,6015122,3973.00,1987.00,5960.00,1987,3973,0.00,0.00,0,0
1566916504,s3,0.00,342.00,342.00,342,0,0.00,1.00,1.00,1,0,0.00,0.00,0,0
1566916504,s2-eth2,147306.00,5998468.00,6145774.00,5998468,147306,1987.00,3962.00,5949.00,3962,1987,0.00,0.00,0,0
1566916504,s2-eth1,6009066.00,147112.00,6156178.00,147112,6009066,3969.00,1988.00,5957.00,1988,3969,0.00,0.00,0,0
1566916504,lo,326.00,326.00,652.00,326,326,3.00,3.00,6.00,3,3,0.00,0.00,0,0
1566916504,s4,0.00,0.00,0.00,0,0,0.00,0.00,0.00,0,0,0.00,0.00,0,0
1566916504,s3-eth2,147380.00,5983328.00,6130708.00,5983328,147380,1988.00,3952.00,5940.00,3952,1988,0.00,0.00,0,0
1566916504,s3-eth1,5998468.00,147306.00,6145774.00,147306,5998468,3962.00,1987.00,5949.00,1987,3962,0.00,0.00,0,0
1566916504,total,18464780.00,18432986.00,36897768.00,18432986,18464780,17870.00,17849.00,35719.00,17849,17870,0.00,0.00,0,0
1566916505,s5,0.00,0.00,0.00,0,0,0.00,0.00,0.00,0,0,0.00,0.00,0,0
1566916505,s1,0.00,0.00,0.00,0,0,0.00,0.00,0.00,0,0,0.00,0.00,0,0
1566916505,eth0,0.00,0.00,0.00,0,0,0.00,0.00,0.00,0,0,0.00,0.00,0,0
1566916505,eth1,0.00,0.00,0.00,0,0,0.00,0.00,0.00,0,0,0.00,0.00,0,0
1566916505,s2,0.00,0.00,0.00,0,0,0.00,0.00,0.00,0,0,0.00,0.00,0,0
1566916505,s1-eth2,148222.00,6065084.00,6213306.00,6065084,148222,2003.00,4006.00,6009.00,4006,2003,0.00,0.00,0,0
1566916505,s1-eth1,6063570.00,148222.00,6211792.00,148222,6063570,4005.00,2003.00,6008.00,2003,4005,0.00,0.00,0,0
1566916505,s3,0.00,0.00,0.00,0,0,0.00,0.00,0.00,0,0,0.00,0.00,0,0
1566916505,s2-eth2,148222.00,6066598.00,6214820.00,6066598,148222,2003.00,4007.00,6010.00,4007,2003,0.00,0.00,0,0
1566916505,s2-eth1,6065084.00,148222.00,6213306.00,148222,6065084,4006.00,2003.00,6009.00,2003,4006,0.00,0.00,0,0
1566916505,lo,688.00,688.00,1376.00,688,688,12.00,12.00,24.00,12,12,0.00,0.00,0,0
1566916505,s4,0.00,0.00,0.00,0,0,0.00,0.00,0.00,0,0,0.00,0.00,0,0
1566916505,s3-eth2,148222.00,6084766.00,6232988.00,6084766,148222,2003.00,4019.00,6022.00,4019,2003,0.00,0.00,0,0
1566916505,s3-eth1,6066598.00,148222.00,6214820.00,148222,6066598,4007.00,2003.00,6010.00,2003,4007,0.00,0.00,0,0
1566916505,total,18640606.00,18661802.00,37302408.00,18661802,18640606,18039.00,18053.00,36092.00,18053,18039,0.00,0.00,0,0
1566916506,s5,0.00,0.00,0.00,0,0,0.00,0.00,0.00,0,0,0.00,0.00,0,0
1566916506,s1,0.00,0.00,0.00,0,0,0.00,0.00,0.00,0,0,0.00,0.00,0,0
1566916506,eth0,0.00,0.00,0.00,0,0,0.00,0.00,0.00,0,0,0.00,0.00,0,0
1566916506,eth1,0.00,0.00,0.00,0,0,0.00,0.00,0.00,0,0,0.00,0.00,0,0
1566916506,s2,0.00,0.00,0.00,0,0,0.00,0.00,0.00,0,0,0.00,0.00,0,0
1566916506,s1-eth2,152440.00,6237680.00,6390120.00,6237680,152440,2060.00,4120.00,6180.00,4120,2060,0.00,0.00,0,0
1566916506,s1-eth1,6237680.00,152440.00,6390120.00,152440,6237680,4120.00,2060.00,6180.00,2060,4120,0.00,0.00,0,0
1566916506,s3,0.00,0.00,0.00,0,0,0.00,0.00,0.00,0,0,0.00,0.00,0,0
1566916506,s2-eth2,152440.00,6237680.00,6390120.00,6237680,152440,2060.00,4120.00,6180.00,4120,2060,0.00,0.00,0,0
1566916506,s2-eth1,6237680.00,152440.00,6390120.00,152440,6237680,4120.00,2060.00,6180.00,2060,4120,0.00,0.00,0,0
1566916506,lo,0.00,0.00,0.00,0,0,0.00,0.00,0.00,0,0,0.00,0.00,0,0
1566916506,s4,0.00,0.00,0.00,0,0,0.00,0.00,0.00,0,0,0.00,0.00,0,0
1566916506,s3-eth2,152366.00,6237680.00,6390046.00,6237680,152366,2059.00,4120.00,6179.00,4120,2059,0.00,0.00,0,0
1566916506,s3-eth1,6237680.00,152440.00,6390120.00,152440,6237680,4120.00,2060.00,6180.00,2060,4120,0.00,0.00,0,0
1566916506,total,19170286.00,19170360.00,38340648.00,19170360,19170286,18539.00,18540.00,37079.00,18540,18539,0.00,0.00,0,0
1566916507,s5,0.00,0.00,0.00,0,0,0.00,0.00,0.00,0,0,0.00,0.00,0,0
1566916507,s1,0.00,562.00,562.00,562,0,0.00,3.00,3.00,3,0,0.00,0.00,0,0
1566916507,eth0,972.00,1333.00,2305.00,1333,972,12.00,11.00,23.00,11,12,0.00,0.00,0,0
1566916507,eth1,0.00,0.00,0.00,0,0,0.00,0.00,0.00,0,0,0.00,0.00,0,0
1566916507,s2,0.00,1202.00,1202.00,1202,0,0.00,7.00,7.00,7,0,0.00,0.00,0,0
1566916507,s1-eth2,137392.00,5594792.00,5732184.00,5594792,137392,1852.00,3698.00,5550.00,3698,1852,0.00,0.00,0,0
1566916507,s1-eth1,5598272.00,136752.00,5735024.00,136752,5598272,3702.00,1848.00,5550.00,1848,3702,0.00,0.00,0,0
1566916507,s3,0.00,1170.00,1170.00,1170,0,0.00,7.00,7.00,7,0,0.00,0.00,0,0
1566916507,s2-eth2,137922.00,5597820.00,5735742.00,5597820,137922,1855.00,3700.00,5555.00,3700,1855,0.00,0.00,0,0
1566916507,s2-eth1,5596306.00,137392.00,5733698.00,137392,5596306,3699.00,1852.00,5551.00,1852,3699,0.00,0.00,0,0
1566916507,lo,6779.00,6779.00,13558.00,6779,6779,68.00,68.00,136.00,68,68,0.00,0.00,0,0
1566916507,s4,0.00,0.00,0.00,0,0,0.00,0.00,0.00,0,0,0.00,0.00,0,0
1566916507,s3-eth2,137996.00,5597258.00,5735254.00,5597258,137996,1856.00,3697.00,5553.00,3697,1856,0.00,0.00,0,0
1566916507,s3-eth1,5597820.00,137922.00,5735742.00,137922,5597820,3700.00,1855.00,5555.00,1855,3700,0.00,0.00,0,0
1566916507,total,17213460.00,17212982.00,34426440.00,17212982,17213459,16744.00,16746.00,33490.00,16746,16744,0.00,0.00,0,0
1566916508,s5,0.00,0.00,0.00,0,0,0.00,0.00,0.00,0,0,0.00,0.00,0,0
1566916508,s1,0.00,77.92,77.92,78,0,0.00,1.00,1.00,1,0,0.00,0.00,0,0
1566916508,eth0,607.39,979.02,1586.41,980,608,7.99,7.99,15.98,8,8,0.00,0.00,0,0
1566916508,eth1,0.00,0.00,0.00,0,0,0.00,0.00,0.00,0,0,0.00,0.00,0,0
1566916508,s2,0.00,779.22,779.22,780,0,0.00,5.99,5.99,6,0,0.00,0.00,0,0
1566916508,s1-eth2,140791.22,5715768.50,5856559.50,5721484,140932,1898.10,3776.22,5674.33,3780,1900,0.00,0.00,0,0
1566916508,s1-eth1,5712931.00,139942.06,5852873.50,140082,5718644,3776.22,1891.11,5667.33,1893,3780,0.00,0.00,0,0
1566916508,s3,0.00,1167.83,1167.83,1169,0,0.00,9.99,9.99,10,0,0.00,0.00,0,0
1566916508,s2-eth2,141405.59,5717281.00,5858686.50,5722998,141547,1905.09,3777.22,5682.32,3781,1907,0.00,0.00,0,0
1566916508,s2-eth1,5714256.00,140791.22,5855047.00,140932,5719970,3775.22,1898.10,5673.33,1900,3779,0.00,0.00,0,0
1566916508,lo,6212.79,6212.79,12425.58,6219,6219,64.94,64.94,129.87,65,65,0.00,0.00,0,0
1566916508,s4,0.00,0.00,0.00,0,0,0.00,0.00,0.00,0,0,0.00,0.00,0,0
1566916508,s3-eth2,141548.45,5706615.50,5848164.00,5712322,141690,1906.09,3769.23,5675.32,3773,1908,0.00,0.00,0,0
1566916508,s3-eth1,5722998.00,141547.00,5864545.00,141547,5722998,3781.00,1907.00,5688.00,1907,3781,0.00,0.00,0,0
1566916508,total,17592608.00,17588592.00,35181200.00,17588591,17592608,17128.00,17124.00,34252.00,17124,17128,0.00,0.00,0,0
1566916509,s5,0.00,0.00,0.00,0,0,0.00,0.00,0.00,0,0,0.00,0.00,0,0
1566916509,s1,0.00,1089.00,1089.00,1089,0,0.00,8.00,8.00,8,0,0.00,0.00,0,0
1566916509,eth0,304.00,490.00,794.00,490,304,4.00,4.00,8.00,4,4,0.00,0.00,0,0
1566916509,eth1,0.00,0.00,0.00,0,0,0.00,0.00,0.00,0,0,0.00,0.00,0,0
1566916509,s2,0.00,2600.00,2600.00,2600,0,0.00,15.00,15.00,15,0,0.00,0.00,0,0
1566916509,s1-eth2,149807.00,6088883.00,6238690.00,6088883,149807,2011.00,4029.00,6040.00,4029,2011,0.00,0.00,0,0
1566916509,s1-eth1,6090662.00,148444.00,6239106.00,148444,6090662,4039.00,2006.00,6045.00,2006,4039,0.00,0.00,0,0
1566916509,s3,0.00,3367.00,3367.00,3367,0,0.00,15.00,15.00,15,0,0.00,0.00,0,0
1566916509,s2-eth2,151515.00,6087369.00,6238884.00,6087369,151515,2017.00,4028.00,6045.00,4028,2017,0.00,0.00,0,0
1566916509,s2-eth1,6088883.00,149807.00,6238690.00,149807,6088883,4029.00,2011.00,6040.00,2011,4029,0.00,0.00,0,0
1566916509,lo,12053.00,12053.00,24106.00,12053,12053,115.00,115.00,230.00,115,115,0.00,0.00,0,0
1566916509,s4,0.00,0.00,0.00,0,0,0.00,0.00,0.00,0,0,0.00,0.00,0,0
1566916509,s3-eth2,152012.00,6087794.00,6239806.00,6087794,152012,2020.00,4021.00,6041.00,4021,2020,0.00,0.00,0,0
1566916509,s3-eth1,6087369.00,151515.00,6238884.00,151515,6087369,4028.00,2017.00,6045.00,2017,4028,0.00,0.00,0,0
1566916509,total,18732604.00,18733412.00,37466016.00,18733411,18732605,18263.00,18269.00,36532.00,18269,18263,0.00,0.00,0,0
1566916510,s5,0.00,0.00,0.00,0,0,0.00,0.00,0.00,0,0,0.00,0.00,0,0
1566916510,s1,0.00,1124.00,1124.00,1124,0,0.00,4.00,4.00,4,0,0.00,0.00,0,0
1566916510,eth0,152.00,245.00,397.00,245,152,2.00,2.00,4.00,2,2,0.00,0.00,0,0
1566916510,eth1,0.00,0.00,0.00,0,0,0.00,0.00,0.00,0,0,0.00,0.00,0,0
1566916510,s2,0.00,2060.00,2060.00,2060,0,0.00,7.00,7.00,7,0,0.00,0.00,0,0
1566916510,s1-eth2,147826.00,6014732.00,6162558.00,6014732,147826,1988.00,3976.00,5964.00,3976,1988,0.00,0.00,0,0
1566916510,s1-eth1,6011233.00,146816.00,6158049.00,146816,6011233,3977.00,1984.00,5961.00,1984,3977,0.00,0.00,0,0
1566916510,s3,0.00,1530.00,1530.00,1530,0,0.00,5.00,5.00,5,0,0.00,0.00,0,0
1566916510,s2-eth2,148420.00,6013218.00,6161638.00,6013218,148420,1990.00,3975.00,5965.00,3975,1990,0.00,0.00,0,0
1566916510,s2-eth1,6014732.00,147826.00,6162558.00,147826,6014732,3976.00,1988.00,5964.00,1988,3976,0.00,0.00,0,0
1566916510,lo,5859.00,5859.00,11718.00,5859,5859,58.00,58.00,116.00,58,58,0.00,0.00,0,0
1566916510,s4,0.00,0.00,0.00,0,0,0.00,0.00,0.00,0,0,0.00,0.00,0,0
1566916510,s3-eth2,150125.00,6021178.00,6171303.00,6021178,150125,1999.00,3977.00,5976.00,3977,1999,0.00,0.00,0,0
1566916510,s3-eth1,6013218.00,148420.00,6161638.00,148420,6013218,3975.00,1990.00,5965.00,1990,3975,0.00,0.00,0,0
1566916510,total,18491564.00,18503008.00,36994572.00,18503008,18491565,17965.00,17966.00,35931.00,17966,17965,0.00,0.00,0,0
1566916511,s5,0.00,0.00,0.00,0,0,0.00,0.00,0.00,0,0,0.00,0.00,0,0
1566916511,s1,0.00,936.00,936.00,936,0,0.00,3.00,3.00,3,0,0.00,0.00,0,0
1566916511,eth0,152.00,245.00,397.00,245,152,2.00,2.00,4.00,2,2,0.00,0.00,0,0
1566916511,eth1,0.00,0.00,0.00,0,0,0.00,0.00,0.00,0,0,0.00,0.00,0,0
1566916511,s2,0.00,1043.00,1043.00,1043,0,0.00,4.00,4.00,4,0,0.00,0.00,0,0
1566916511,s1-eth2,151659.00,6200766.00,6352425.00,6200766,151659,2049.00,4098.00,6147.00,4098,2049,0.00,0.00,0,0
1566916511,s1-eth1,6202607.00,151552.00,6354159.00,151552,6202607,4100.00,2048.00,6148.00,2048,4100,0.00,0.00,0,0
1566916511,s3,0.00,556.00,556.00,556,0,0.00,3.00,3.00,3,0,0.00,0.00,0,0
1566916511,s2-eth2,152108.00,6199252.00,6351360.00,6199252,152108,2051.00,4097.00,6148.00,4097,2051,0.00,0.00,0,0
1566916511,s2-eth1,6200766.00,151659.00,6352425.00,151659,6200766,4098.00,2049.00,6147.00,2049,4098,0.00,0.00,0,0
1566916511,lo,3538.00,3538.00,7076.00,3538,3538,34.00,34.00,68.00,34,34,0.00,0.00,0,0
1566916511,s4,0.00,0.00,0.00,0,0,0.00,0.00,0.00,0,0,0.00,0.00,0,0
1566916511,s3-eth2,153151.00,6204372.00,6357523.00,6204372,153151,2055.00,4098.00,6153.00,4098,2055,0.00,0.00,0,0
1566916511,s3-eth1,6199252.00,152108.00,6351360.00,152108,6199252,4097.00,2051.00,6148.00,2051,4097,0.00,0.00,0,0
1566916511,total,19063232.00,19066028.00,38129260.00,19066027,19063233,18486.00,18487.00,36973.00,18487,18486,0.00,0.00,0,0
1566916512,s5,0.00,0.00,0.00,0,0,0.00,0.00,0.00,0,0,0.00,0.00,0,0
1566916512,s1,0.00,107.00,107.00,107,0,0.00,1.00,1.00,1,0,0.00,0.00,0,0
1566916512,eth0,60.00,60.00,120.00,60,60,1.00,1.00,2.00,1,1,0.00,0.00,0,0
1566916512,eth1,0.00,0.00,0.00,0,0,0.00,0.00,0.00,0,0,0.00,0.00,0,0
1566916512,s2,0.00,444.00,444.00,444,0,0.00,3.00,3.00,3,0,0.00,0.00,0,0
1566916512,s1-eth2,151223.00,6172685.00,6323908.00,6172685,151223,2041.00,4078.00,6119.00,4078,2041,0.00,0.00,0,0
1566916512,s1-eth1,6174573.00,150886.00,6325459.00,150886,6174573,4081.00,2039.00,6120.00,2039,4081,0.00,0.00,0,0
1566916512,s3,0.00,674.00,674.00,674,0,0.00,4.00,4.00,4,0,0.00,0.00,0,0
1566916512,s2-eth2,151560.00,6172685.00,6324245.00,6172685,151560,2043.00,4078.00,6121.00,4078,2043,0.00,0.00,0,0
1566916512,s2-eth1,6172685.00,151223.00,6323908.00,151223,6172685,4078.00,2041.00,6119.00,2041,4078,0.00,0.00,0,0
1566916512,lo,2392.00,2392.00,4784.00,2392,2392,24.00,24.00,48.00,24,24,0.00,0.00,0,0
1566916512,s4,0.00,0.00,0.00,0,0,0.00,0.00,0.00,0,0,0.00,0.00,0,0
1566916512,s3-eth2,151887.00,6172578.00,6324465.00,6172578,151887,2044.00,4077.00,6121.00,4077,2044,0.00,0.00,0,0
1566916512,s3-eth1,6172685.00,151560.00,6324245.00,151560,6172685,4078.00,2043.00,6121.00,2043,4078,0.00,0.00,0,0
1566916512,total,18977064.00,18975294.00,37952360.00,18975294,18977065,18390.00,18389.00,36779.00,18389,18390,0.00,0.00,0,0
1566916513,s5,0.00,0.00,0.00,0,0,0.00,0.00,0.00,0,0,0.00,0.00,0,0
1566916513,s1,0.00,664.00,664.00,664,0,0.00,3.00,3.00,3,0,0.00,0.00,0,0
1566916513,eth0,0.00,0.00,0.00,0,0,0.00,0.00,0.00,0,0,0.00,0.00,0,0
1566916513,eth1,0.00,0.00,0.00,0,0,0.00,0.00,0.00,0,0,0.00,0.00,0,0
1566916513,s2,0.00,991.00,991.00,991,0,0.00,4.00,4.00,4,0,0.00,0.00,0,0
1566916513,s1-eth2,150621.00,6142962.00,6293583.00,6142962,150621,2032.00,4060.00,6092.00,4060,2032,0.00,0.00,0,0
1566916513,s1-eth1,6144873.00,150220.00,6295093.00,150220,6144873,4063.00,2030.00,6093.00,2030,4063,0.00,0.00,0,0
1566916513,s3,0.00,654.00,654.00,654,0,0.00,2.00,2.00,2,0,0.00,0.00,0,0
1566916513,s2-eth2,151022.00,6144476.00,6295498.00,6144476,151022,2034.00,4061.00,6095.00,4061,2034,0.00,0.00,0,0
1566916513,s2-eth1,6142962.00,150621.00,6293583.00,150621,6142962,4060.00,2032.00,6092.00,2032,4060,0.00,0.00,0,0
1566916513,lo,2818.00,2818.00,5636.00,2818,2818,27.00,27.00,54.00,27,27,0.00,0.00,0,0
1566916513,s4,0.00,0.00,0.00,0,0,0.00,0.00,0.00,0,0,0.00,0.00,0,0
1566916513,s3-eth2,151470.00,6145326.00,6296796.00,6145326,151470,2037.00,4059.00,6096.00,4059,2037,0.00,0.00,0,0
1566916513,s3-eth1,6144476.00,151022.00,6295498.00,151022,6144476,4061.00,2034.00,6095.00,2034,4061,0.00,0.00,0,0
1566916513,total,18888242.00,18889754.00,37777996.00,18889754,18888242,18314.00,18312.00,36626.00,18312,18314,0.00,0.00,0,0
1566916514,s5,0.00,0.00,0.00,0,0,0.00,0.00,0.00,0,0,0.00,0.00,0,0
1566916514,s1,0.00,0.00,0.00,0,0,0.00,0.00,0.00,0,0,0.00,0.00,0,0
1566916514,eth0,0.00,0.00,0.00,0,0,0.00,0.00,0.00,0,0,0.00,0.00,0,0
1566916514,eth1,0.00,0.00,0.00,0,0,0.00,0.00,0.00,0,0,0.00,0.00,0,0
1566916514,s2,0.00,0.00,0.00,0,0,0.00,0.00,0.00,0,0,0.00,0.00,0,0
1566916514,s1-eth2,144744.00,5928824.00,6073568.00,5928824,144744,1956.00,3916.00,5872.00,3916,1956,0.00,0.00,0,0
1566916514,s1-eth1,5928824.00,144818.00,6073642.00,144818,5928824,3916.00,1957.00,5873.00,1957,3916,0.00,0.00,0,0
1566916514,s3,0.00,0.00,0.00,0,0,0.00,0.00,0.00,0,0,0.00,0.00,0,0
1566916514,s2-eth2,144670.00,5936394.00,6081064.00,5936394,144670,1955.00,3921.00,5876.00,3921,1955,0.00,0.00,0,0
1566916514,s2-eth1,5928824.00,144744.00,6073568.00,144744,5928824,3916.00,1956.00,5872.00,1956,3916,0.00,0.00,0,0
1566916514,lo,0.00,0.00,0.00,0,0,0.00,0.00,0.00,0,0,0.00,0.00,0,0
1566916514,s4,0.00,0.00,0.00,0,0,0.00,0.00,0.00,0,0,0.00,0.00,0,0
1566916514,s3-eth2,144993.00,5927310.00,6072303.00,5927310,144993,1956.00,3915.00,5871.00,3915,1956,0.00,0.00,0,0
1566916514,s3-eth1,5936394.00,144670.00,6081064.00,144670,5936394,3921.00,1955.00,5876.00,1955,3921,0.00,0.00,0,0
1566916514,total,18228448.00,18226760.00,36455208.00,18226760,18228449,17620.00,17620.00,35240.00,17620,17620,0.00,0.00,0,0
1566916515,s5,0.00,0.00,0.00,0,0,0.00,0.00,0.00,0,0,0.00,0.00,0,0
1566916515,s1,0.00,107.00,107.00,107,0,0.00,1.00,1.00,1,0,0.00,0.00,0,0
1566916515,eth0,0.00,0.00,0.00,0,0,0.00,0.00,0.00,0,0,0.00,0.00,0,0
1566916515,eth1,0.00,0.00,0.00,0,0,0.00,0.00,0.00,0,0,0.00,0.00,0,0
1566916515,s2,0.00,449.00,449.00,449,0,0.00,2.00,2.00,2,0,0.00,0.00,0,0
1566916515,s1-eth2,148745.00,6066705.00,6215450.00,6066705,148745,2006.00,4008.00,6014.00,4008,2006,0.00,0.00,0,0
1566916515,s1-eth1,6067047.00,148296.00,6215343.00,148296,6067047,4009.00,2004.00,6013.00,2004,4009,0.00,0.00,0,0
1566916515,s3,0.00,556.00,556.00,556,0,0.00,3.00,3.00,3,0,0.00,0.00,0,0
1566916515,s2-eth2,148852.00,6056000.00,6204852.00,6056000,148852,2007.00,4000.00,6007.00,4000,2007,0.00,0.00,0,0
1566916515,s2-eth1,6066705.00,148745.00,6215450.00,148745,6066705,4008.00,2006.00,6014.00,2006,4008,0.00,0.00,0,0
1566916515,lo,2216.00,2216.00,4432.00,2216,2216,24.00,24.00,48.00,24,24,0.00,0.00,0,0
1566916515,s4,0.00,0.00,0.00,0,0,0.00,0.00,0.00,0,0,0.00,0.00,0,0
1566916515,s3-eth2,148926.00,6040860.00,6189786.00,6040860,148926,2008.00,3990.00,5998.00,3990,2008,0.00,0.00,0,0
1566916515,s3-eth1,6056000.00,148852.00,6204852.00,148852,6056000,4000.00,2007.00,6007.00,2007,4000,0.00,0.00,0,0
1566916515,total,18638492.00,18612786.00,37251276.00,18612786,18638491,18062.00,18045.00,36107.00,18045,18062,0.00,0.00,0,0
1566916516,s5,0.00,0.00,0.00,0,0,0.00,0.00,0.00,0,0,0.00,0.00,0,0
1566916516,s1,0.00,449.00,449.00,449,0,0.00,2.00,2.00,2,0,0.00,0.00,0,0
1566916516,eth0,0.00,0.00,0.00,0,0,0.00,0.00,0.00,0,0,0.00,0.00,0,0
1566916516,eth1,0.00,0.00,0.00,0,0,0.00,0.00,0.00,0,0,0.00,0.00,0,0
1566916516,s2,0.00,519.00,519.00,519,0,0.00,3.00,3.00,3,0,0.00,0.00,0,0
1566916516,s1-eth2,149550.00,6120037.00,6269587.00,6120037,149550,2021.00,4044.00,6065.00,4044,2021,0.00,0.00,0,0
1566916516,s1-eth1,6120144.00,149554.00,6269698.00,149554,6120144,4045.00,2021.00,6066.00,2021,4045,0.00,0.00,0,0
1566916516,s3,0.00,140.00,140.00,140,0,0.00,2.00,2.00,2,0,0.00,0.00,0,0
1566916516,s2-eth2,149620.00,6124579.00,6274199.00,6124579,149620,2022.00,4047.00,6069.00,4047,2022,0.00,0.00,0,0
1566916516,s2-eth1,6120037.00,149550.00,6269587.00,149550,6120037,4044.00,2021.00,6065.00,2021,4044,0.00,0.00,0,0
1566916516,lo,2066.00,2066.00,4132.00,2066,2066,21.00,21.00,42.00,21,21,0.00,0.00,0,0
1566916516,s4,0.00,0.00,0.00,0,0,0.00,0.00,0.00,0,0,0.00,0.00,0,0
1566916516,s3-eth2,149620.00,6133214.00,6282834.00,6133214,149620,2022.00,4051.00,6073.00,4051,2022,0.00,0.00,0,0
1566916516,s3-eth1,6124579.00,149620.00,6274199.00,149620,6124579,4047.00,2022.00,6069.00,2022,4047,0.00,0.00,0,0
1566916516,total,18815616.00,18829728.00,37645344.00,18829728,18815616,18222.00,18234.00,36456.00,18234,18222,0.00,0.00,0,0
1566916517,s5,0.00,0.00,0.00,0,0,0.00,0.00,0.00,0,0,0.00,0.00,0,0
1566916517,s1,0.00,70.00,70.00,70,0,0.00,1.00,1.00,1,0,0.00,0.00,0,0
1566916517,eth0,0.00,0.00,0.00,0,0,0.00,0.00,0.00,0,0,0.00,0.00,0,0
1566916517,eth1,0.00,0.00,0.00,0,0,0.00,0.00,0.00,0,0,0.00,0.00,0,0
1566916517,s2,0.00,70.00,70.00,70,0,0.00,1.00,1.00,1,0,0.00,0.00,0,0
1566916517,s1-eth2,149850.00,6128742.00,6278592.00,6128742,149850,2025.00,4049.00,6074.00,4049,2025,0.00,0.00,0,0
1566916517,s1-eth1,6130326.00,149776.00,6280102.00,149776,6130326,4051.00,2024.00,6075.00,2024,4051,0.00,0.00,0,0
1566916517,s3,0.00,0.00,0.00,0,0,0.00,0.00,0.00,0,0,0.00,0.00,0,0
1566916517,s2-eth2,149850.00,6130256.00,6280106.00,6130256,149850,2025.00,4050.00,6075.00,4050,2025,0.00,0.00,0,0
1566916517,s2-eth1,6128742.00,149850.00,6278592.00,149850,6128742,4049.00,2025.00,6074.00,2025,4049,0.00,0.00,0,0
1566916517,lo,536.00,536.00,1072.00,536,536,6.00,6.00,12.00,6,6,0.00,0.00,0,0
1566916517,s4,0.00,0.00,0.00,0,0,0.00,0.00,0.00,0,0,0.00,0.00,0,0
1566916517,s3-eth2,149883.00,6128672.00,6278555.00,6128672,149883,2025.00,4048.00,6073.00,4048,2025,0.00,0.00,0,0
1566916517,s3-eth1,6131770.00,149850.00,6281620.00,149850,6131770,4051.00,2025.00,6076.00,2025,4051,0.00,0.00,0,0
1566916517,total,18840956.00,18837822.00,37678780.00,18837822,18840957,18232.00,18229.00,36461.00,18229,18232,0.00,0.00,0,0
1566916518,s5,0.00,0.00,0.00,0,0,0.00,0.00,0.00,0,0,0.00,0.00,0,0
1566916518,s1,0.00,0.00,0.00,0,0,0.00,0.00,0.00,0,0,0.00,0.00,0,0
1566916518,eth0,0.00,0.00,0.00,0,0,0.00,0.00,0.00,0,0,0.00,0.00,0,0
1566916518,eth1,0.00,0.00,0.00,0,0,0.00,0.00,0.00,0,0,0.00,0.00,0,0
1566916518,s2,0.00,0.00,0.00,0,0,0.00,0.00,0.00,0,0,0.00,0.00,0,0
1566916518,s1-eth2,152292.00,6234652.00,6386944.00,6234652,152292,2058.00,4118.00,6176.00,4118,2058,0.00,0.00,0,0
1566916518,s1-eth1,6233138.00,152366.00,6385504.00,152366,6233138,4117.00,2059.00,6176.00,2059,4117,0.00,0.00,0,0
1566916518,s3,0.00,342.00,342.00,342,0,0.00,1.00,1.00,1,0,0.00,0.00,0,0
1566916518,s2-eth2,152708.00,6234652.00,6387360.00,6234652,152708,2060.00,4118.00,6178.00,4118,2060,0.00,0.00,0,0
1566916518,s2-eth1,6234652.00,152292.00,6386944.00,152292,6234652,4118.00,2058.00,6176.00,2058,4118,0.00,0.00,0,0
1566916518,lo,326.00,326.00,652.00,326,326,3.00,3.00,6.00,3,3,0.00,0.00,0,0
1566916518,s4,0.00,0.00,0.00,0,0,0.00,0.00,0.00,0,0,0.00,0.00,0,0
1566916518,s3-eth2,153120.00,6236166.00,6389286.00,6236166,153120,2062.00,4119.00,6181.00,4119,2062,0.00,0.00,0,0
1566916518,s3-eth1,6233138.00,152708.00,6385846.00,152708,6233138,4117.00,2060.00,6177.00,2060,4117,0.00,0.00,0,0
1566916518,total,19159374.00,19163504.00,38322880.00,19163504,19159374,18535.00,18536.00,37071.00,18536,18535,0.00,0.00,0,0
1566916519,s5,0.00,0.00,0.00,0,0,0.00,0.00,0.00,0,0,0.00,0.00,0,0
1566916519,s1,0.00,0.00,0.00,0,0,0.00,0.00,0.00,0,0,0.00,0.00,0,0
1566916519,eth0,0.00,0.00,0.00,0,0,0.00,0.00,0.00,0,0,0.00,0.00,0,0
1566916519,eth1,0.00,0.00,0.00,0,0,0.00,0.00,0.00,0,0,0.00,0.00,0,0
1566916519,s2,0.00,0.00,0.00,0,0,0.00,0.00,0.00,0,0,0.00,0.00,0,0
1566916519,s1-eth2,152588.00,6243736.00,6396324.00,6243736,152588,2062.00,4124.00,6186.00,4124,2062,0.00,0.00,0,0
1566916519,s1-eth1,6243736.00,152588.00,6396324.00,152588,6243736,4124.00,2062.00,6186.00,2062,4124,0.00,0.00,0,0
1566916519,s3,0.00,0.00,0.00,0,0,0.00,0.00,0.00,0,0,0.00,0.00,0,0
1566916519,s2-eth2,152588.00,6245250.00,6397838.00,6245250,152588,2062.00,4125.00,6187.00,4125,2062,0.00,0.00,0,0
1566916519,s2-eth1,6243736.00,152588.00,6396324.00,152588,6243736,4124.00,2062.00,6186.00,2062,4124,0.00,0.00,0,0
1566916519,lo,0.00,0.00,0.00,0,0,0.00,0.00,0.00,0,0,0.00,0.00,0,0
1566916519,s4,0.00,0.00,0.00,0,0,0.00,0.00,0.00,0,0,0.00,0.00,0,0
1566916519,s3-eth2,152588.00,6243736.00,6396324.00,6243736,152588,2062.00,4124.00,6186.00,4124,2062,0.00,0.00,0,0
1566916519,s3-eth1,6245250.00,152588.00,6397838.00,152588,6245250,4125.00,2062.00,6187.00,2062,4125,0.00,0.00,0,0
1566916519,total,19190486.00,19190486.00,38380972.00,19190486,19190486,18559.00,18559.00,37118.00,18559,18559,0.00,0.00,0,0
1566916520,s5,0.00,0.00,0.00,0,0,0.00,0.00,0.00,0,0,0.00,0.00,0,0
1566916520,s1,0.00,0.00,0.00,0,0,0.00,0.00,0.00,0,0,0.00,0.00,0,0
1566916520,eth0,0.00,0.00,0.00,0,0,0.00,0.00,0.00,0,0,0.00,0.00,0,0
1566916520,eth1,0.00,0.00,0.00,0,0,0.00,0.00,0.00,0,0,0.00,0.00,0,0
1566916520,s2,0.00,0.00,0.00,0,0,0.00,0.00,0.00,0,0,0.00,0.00,0,0
1566916520,s1-eth2,145188.00,5934880.00,6080068.00,5934880,145188,1962.00,3920.00,5882.00,3920,1962,0.00,0.00,0,0
1566916520,s1-eth1,5938250.00,145114.00,6083364.00,145114,5938250,3923.00,1961.00,5884.00,1961,3923,0.00,0.00,0,0
1566916520,s3,0.00,0.00,0.00,0,0,0.00,0.00,0.00,0,0,0.00,0.00,0,0
1566916520,s2-eth2,145114.00,5927310.00,6072424.00,5927310,145114,1961.00,3915.00,5876.00,3915,1961,0.00,0.00,0,0
1566916520,s2-eth1,5934880.00,145188.00,6080068.00,145188,5934880,3920.00,1962.00,5882.00,1962,3920,0.00,0.00,0,0
1566916520,lo,344.00,344.00,688.00,344,344,6.00,6.00,12.00,6,6,0.00,0.00,0,0
1566916520,s4,0.00,0.00,0.00,0,0,0.00,0.00,0.00,0,0,0.00,0.00,0,0
1566916520,s3-eth2,145188.00,5924282.00,6069470.00,5924282,145188,1962.00,3913.00,5875.00,3913,1962,0.00,0.00,0,0
1566916520,s3-eth1,5927310.00,145114.00,6072424.00,145114,5927310,3915.00,1961.00,5876.00,1961,3915,0.00,0.00,0,0
1566916520,total,18236274.00,18222232.00,36458504.00,18222232,18236274,17649.00,17638.00,35287.00,17638,17649,0.00,0.00,0,0
1566916521,s5,0.00,0.00,0.00,0,0,0.00,0.00,0.00,0,0,0.00,0.00,0,0
1566916521,s1,0.00,342.00,342.00,342,0,0.00,1.00,1.00,1,0,0.00,0.00,0,0
1566916521,eth0,0.00,0.00,0.00,0,0,0.00,0.00,0.00,0,0,0.00,0.00,0,0
1566916521,eth1,0.00,0.00,0.00,0,0,0.00,0.00,0.00,0,0,0.00,0.00,0,0
1566916521,s2,0.00,0.00,0.00,0,0,0.00,0.00,0.00,0,0,0.00,0.00,0,0
1566916521,s1-eth2,65058.00,2470780.00,2535838.00,2470780,65058,879.00,1636.00,2515.00,1636,879,0.00,0.00,0,0
1566916521,s1-eth1,2531340.00,63578.00,2594918.00,63578,2531340,1676.00,859.00,2535.00,859,1676,0.00,0.00,0,0
1566916521,s3,0.00,0.00,0.00,0,0,0.00,0.00,0.00,0,0,0.00,0.00,0,0
1566916521,s2-eth2,66612.00,2408364.00,2474976.00,2408364,66612,900.00,1594.00,2494.00,1594,900,0.00,0.00,0,0
1566916521,s2-eth1,2470780.00,65058.00,2535838.00,65058,2470780,1636.00,879.00,2515.00,879,1636,0.00,0.00,0,0
1566916521,lo,497.50,497.50,995.01,498,498,5.99,5.99,11.99,6,6,0.00,0.00,0,0
1566916521,s4,0.00,0.00,0.00,0,0,0.00,0.00,0.00,0,0,0.00,0.00,0,0
1566916521,s3-eth2,68023.98,2345458.50,2413482.50,2347804,68092,919.08,1552.45,2471.53,1554,920,0.00,0.00,0,0
1566916521,s3-eth1,2405958.00,66545.45,2472503.50,66612,2408364,1592.41,899.10,2491.51,900,1594,0.00,0.00,0,0
1566916521,total,7603141.00,7415620.50,15018762.00,7423036,7610744,7603.40,7421.58,15024.98,7429,7611,0.00,0.00,0,0
1566916522,s5,0.00,0.00,0.00,0,0,0.00,0.00,0.00,0,0,0.00,0.00,0,0
1566916522,s1,0.00,0.00,0.00,0,0,0.00,0.00,0.00,0,0,0.00,0.00,0,0
1566916522,eth0,0.00,0.00,0.00,0,0,0.00,0.00,0.00,0,0,0.00,0.00,0,0
1566916522,eth1,0.00,0.00,0.00,0,0,0.00,0.00,0.00,0,0,0.00,0.00,0,0
1566916522,s2,0.00,0.00,0.00,0,0,0.00,0.00,0.00,0,0,0.00,0.00,0,0
1566916522,s1-eth2,0.00,0.00,0.00,0,0,0.00,0.00,0.00,0,0,0.00,0.00,0,0
1566916522,s1-eth1,0.00,0.00,0.00,0,0,0.00,0.00,0.00,0,0,0.00,0.00,0,0
1566916522,s3,0.00,0.00,0.00,0,0,0.00,0.00,0.00,0,0,0.00,0.00,0,0
1566916522,s2-eth2,0.00,0.00,0.00,0,0,0.00,0.00,0.00,0,0,0.00,0.00,0,0
1566916522,s2-eth1,0.00,0.00,0.00,0,0,0.00,0.00,0.00,0,0,0.00,0.00,0,0
1566916522,lo,0.00,0.00,0.00,0,0,0.00,0.00,0.00,0,0,0.00,0.00,0,0
1566916522,s4,0.00,0.00,0.00,0,0,0.00,0.00,0.00,0,0,0.00,0.00,0,0
1566916522,s3-eth2,0.00,0.00,0.00,0,0,0.00,0.00,0.00,0,0,0.00,0.00,0,0
1566916522,s3-eth1,0.00,0.00,0.00,0,0,0.00,0.00,0.00,0,0,0.00,0.00,0,0
1566916522,total,0.00,0.00,0.00,0,0,0.00,0.00,0.00,0,0,0.00,0.00,0,0
1566916523,s5,0.00,0.00,0.00,0,0,0.00,0.00,0.00,0,0,0.00,0.00,0,0
1566916523,s1,0.00,0.00,0.00,0,0,0.00,0.00,0.00,0,0,0.00,0.00,0,0
1566916523,eth0,0.00,0.00,0.00,0,0,0.00,0.00,0.00,0,0,0.00,0.00,0,0
1566916523,eth1,0.00,0.00,0.00,0,0,0.00,0.00,0.00,0,0,0.00,0.00,0,0
1566916523,s2,0.00,106.89,106.89,107,0,0.00,1.00,1.00,1,0,0.00,0.00,0,0
1566916523,s1-eth2,106.89,0.00,106.89,0,107,1.00,0.00,1.00,0,1,0.00,0.00,0,0
1566916523,s1-eth1,0.00,0.00,0.00,0,0,0.00,0.00,0.00,0,0,0.00,0.00,0,0
1566916523,s3,0.00,213.79,213.79,214,0,0.00,2.00,2.00,2,0,0.00,0.00,0,0
1566916523,s2-eth2,213.79,0.00,213.79,0,214,2.00,0.00,2.00,0,2,0.00,0.00,0,0
1566916523,s2-eth1,0.00,106.89,106.89,107,0,0.00,1.00,1.00,1,0,0.00,0.00,0,0
1566916523,lo,1085.91,1085.91,2171.83,1087,1087,11.99,11.99,23.98,12,12,0.00,0.00,0,0
1566916523,s4,0.00,0.00,0.00,0,0,0.00,0.00,0.00,0,0,0.00,0.00,0,0
1566916523,s3-eth2,213.79,0.00,213.79,0,214,2.00,0.00,2.00,0,2,0.00,0.00,0,0
1566916523,s3-eth1,0.00,213.79,213.79,214,0,0.00,2.00,2.00,2,0,0.00,0.00,0,0
1566916523,total,1620.38,1727.27,3347.65,1729,1622,16.98,17.98,34.97,18,17,0.00,0.00,0,0
1566916524,s5,0.00,0.00,0.00,0,0,0.00,0.00,0.00,0,0,0.00,0.00,0,0
1566916524,s1,0.00,106.89,106.89,107,0,0.00,1.00,1.00,1,0,0.00,0.00,0,0
1566916524,eth0,0.00,0.00,0.00,0,0,0.00,0.00,0.00,0,0,0.00,0.00,0,0
1566916524,eth1,0.00,0.00,0.00,0,0,0.00,0.00,0.00,0,0,0.00,0.00,0,0
1566916524,s2,0.00,106.89,106.89,107,0,0.00,1.00,1.00,1,0,0.00,0.00,0,0
1566916524,s1-eth2,0.00,106.89,106.89,107,0,0.00,1.00,1.00,1,0,0.00,0.00,0,0
1566916524,s1-eth1,213.79,0.00,213.79,0,214,2.00,0.00,2.00,0,2,0.00,0.00,0,0
1566916524,s3,0.00,0.00,0.00,0,0,0.00,0.00,0.00,0,0,0.00,0.00,0,0
1566916524,s2-eth2,0.00,106.89,106.89,107,0,0.00,1.00,1.00,1,0,0.00,0.00,0,0
1566916524,s2-eth1,106.89,0.00,106.89,0,107,1.00,0.00,1.00,0,1,0.00,0.00,0,0
1566916524,lo,609.39,609.39,1218.78,610,610,5.99,5.99,11.99,6,6,0.00,0.00,0,0
1566916524,s4,0.00,0.00,0.00,0,0,0.00,0.00,0.00,0,0,0.00,0.00,0,0
1566916524,s3-eth2,0.00,0.00,0.00,0,0,0.00,0.00,0.00,0,0,0.00,0.00,0,0
1566916524,s3-eth1,106.89,0.00,106.89,0,107,1.00,0.00,1.00,0,1,0.00,0.00,0,0
1566916524,total,1036.96,1036.96,2073.93,1038,1038,9.99,9.99,19.98,10,10,0.00,0.00,0,0
1566916525,s5,0.00,0.00,0.00,0,0,0.00,0.00,0.00,0,0,0.00,0.00,0,0
1566916525,s1,0.00,0.00,0.00,0,0,0.00,0.00,0.00,0,0,0.00,0.00,0,0
1566916525,eth0,0.00,0.00,0.00,0,0,0.00,0.00,0.00,0,0,0.00,0.00,0,0
1566916525,eth1,0.00,0.00,0.00,0,0,0.00,0.00,0.00,0,0,0.00,0.00,0,0
1566916525,s2,0.00,341.66,341.66,342,0,0.00,1.00,1.00,1,0,0.00,0.00,0,0
1566916525,s1-eth2,341.66,0.00,341.66,0,342,1.00,0.00,1.00,0,1,0.00,0.00,0,0
1566916525,s1-eth1,0.00,0.00,0.00,0,0,0.00,0.00,0.00,0,0,0.00,0.00,0,0
1566916525,s3,0.00,341.66,341.66,342,0,0.00,1.00,1.00,1,0,0.00,0.00,0,0
1566916525,s2-eth2,341.66,0.00,341.66,0,342,1.00,0.00,1.00,0,1,0.00,0.00,0,0
1566916525,s2-eth1,0.00,341.66,341.66,342,0,0.00,1.00,1.00,1,0,0.00,0.00,0,0
1566916525,lo,994.01,994.01,1988.02,996,996,11.98,11.98,23.95,12,12,0.00,0.00,0,0
1566916525,s4,0.00,0.00,0.00,0,0,0.00,0.00,0.00,0,0,0.00,0.00,0,0
1566916525,s3-eth2,448.10,0.00,448.10,0,449,2.00,0.00,2.00,0,2,0.00,0.00,0,0
1566916525,s3-eth1,0.00,341.32,341.32,342,0,0.00,1.00,1.00,1,0,0.00,0.00,0,0
1566916525,total,2124.75,2359.28,4484.03,2364,2129,15.97,15.97,31.94,16,16,0.00,0.00,0,0
1566916526,s5,0.00,0.00,0.00,0,0,0.00,0.00,0.00,0,0,0.00,0.00,0,0
1566916526,s1,0.00,0.00,0.00,0,0,0.00,0.00,0.00,0,0,0.00,0.00,0,0
1566916526,eth0,0.00,0.00,0.00,0,0,0.00,0.00,0.00,0,0,0.00,0.00,0,0
1566916526,eth1,0.00,0.00,0.00,0,0,0.00,0.00,0.00,0,0,0.00,0.00,0,0
1566916526,s2,0.00,0.00,0.00,0,0,0.00,0.00,0.00,0,0,0.00,0.00,0,0
1566916526,s1-eth2,0.00,0.00,0.00,0,0,0.00,0.00,0.00,0,0,0.00,0.00,0,0
1566916526,s1-eth1,0.00,0.00,0.00,0,0,0.00,0.00,0.00,0,0,0.00,0.00,0,0
1566916526,s3,0.00,0.00,0.00,0,0,0.00,0.00,0.00,0,0,0.00,0.00,0,0
1566916526,s2-eth2,0.00,0.00,0.00,0,0,0.00,0.00,0.00,0,0,0.00,0.00,0,0
1566916526,s2-eth1,0.00,0.00,0.00,0,0,0.00,0.00,0.00,0,0,0.00,0.00,0,0
1566916526,lo,0.00,0.00,0.00,0,0,0.00,0.00,0.00,0,0,0.00,0.00,0,0
1566916526,s4,0.00,0.00,0.00,0,0,0.00,0.00,0.00,0,0,0.00,0.00,0,0
1566916526,s3-eth2,0.00,0.00,0.00,0,0,0.00,0.00,0.00,0,0,0.00,0.00,0,0
1566916526,s3-eth1,0.00,0.00,0.00,0,0,0.00,0.00,0.00,0,0,0.00,0.00,0,0
1566916526,total,0.00,0.00,0.00,0,0,0.00,0.00,0.00,0,0,0.00,0.00,0,0
1566916527,s5,0.00,0.00,0.00,0,0,0.00,0.00,0.00,0,0,0.00,0.00,0,0
1566916527,s1,0.00,0.00,0.00,0,0,0.00,0.00,0.00,0,0,0.00,0.00,0,0
1566916527,eth0,0.00,0.00,0.00,0,0,0.00,0.00,0.00,0,0,0.00,0.00,0,0
1566916527,eth1,0.00,0.00,0.00,0,0,0.00,0.00,0.00,0,0,0.00,0.00,0,0
1566916527,s2,0.00,0.00,0.00,0,0,0.00,0.00,0.00,0,0,0.00,0.00,0,0
1566916527,s1-eth2,0.00,0.00,0.00,0,0,0.00,0.00,0.00,0,0,0.00,0.00,0,0
1566916527,s1-eth1,342.00,0.00,342.00,0,342,1.00,0.00,1.00,0,1,0.00,0.00,0,0
1566916527,s3,0.00,342.00,342.00,342,0,0.00,1.00,1.00,1,0,0.00,0.00,0,0
1566916527,s2-eth2,342.00,0.00,342.00,0,342,1.00,0.00,1.00,0,1,0.00,0.00,0,0
1566916527,s2-eth1,0.00,0.00,0.00,0,0,0.00,0.00,0.00,0,0,0.00,0.00,0,0
1566916527,lo,326.00,326.00,652.00,326,326,3.00,3.00,6.00,3,3,0.00,0.00,0,0
1566916527,s4,0.00,0.00,0.00,0,0,0.00,0.00,0.00,0,0,0.00,0.00,0,0
1566916527,s3-eth2,684.00,0.00,684.00,0,684,2.00,0.00,2.00,0,2,0.00,0.00,0,0
1566916527,s3-eth1,0.00,342.00,342.00,342,0,0.00,1.00,1.00,1,0,0.00,0.00,0,0
1566916527,total,1694.00,1010.00,2704.00,1010,1694,7.00,5.00,12.00,5,7,0.00,0.00,0,0
1566916528,s5,0.00,0.00,0.00,0,0,0.00,0.00,0.00,0,0,0.00,0.00,0,0
1566916528,s1,0.00,341.66,341.66,342,0,0.00,1.00,1.00,1,0,0.00,0.00,0,0
1566916528,eth0,0.00,0.00,0.00,0,0,0.00,0.00,0.00,0,0,0.00,0.00,0,0
1566916528,eth1,0.00,0.00,0.00,0,0,0.00,0.00,0.00,0,0,0.00,0.00,0,0
1566916528,s2,0.00,341.32,341.32,342,0,0.00,1.00,1.00,1,0,0.00,0.00,0,0
1566916528,s1-eth2,0.00,341.32,341.32,342,0,0.00,1.00,1.00,1,0,0.00,0.00,0,0
1566916528,s1-eth1,341.32,0.00,341.32,0,342,1.00,0.00,1.00,0,1,0.00,0.00,0,0
1566916528,s3,0.00,0.00,0.00,0,0,0.00,0.00,0.00,0,0,0.00,0.00,0,0
1566916528,s2-eth2,0.00,341.32,341.32,342,0,0.00,1.00,1.00,1,0,0.00,0.00,0,0
1566916528,s2-eth1,341.32,0.00,341.32,0,342,1.00,0.00,1.00,0,1,0.00,0.00,0,0
1566916528,lo,650.70,650.70,1301.40,652,652,5.99,5.99,